2100000
2010000
2001000
2000100
2000010
2000001
1200000
1020000
1002000
1000200
1000020
1000002
210000
201000
200100
200010
200001
120000
102000
100200
100020
100002
21000
20100
20010
20001
12000
10200
10020
10002
2100
2010
2001
1200
1020
1002
210
201
120
102
21
12
4200000
4020000
4002000
4000200
4000020
4000002
3210000
3201000
3200100
3200010
3200001
3120000
3102000
3100200
3100020
3100002
3021000
3020100
3020010
3020001
3012000
3010200
3010020
3010002
3002100
3002010
3002001
3001200
3001020
3001002
3000210
3000201
3000120
3000102
3000021
3000012
2400000
2310000
2301000
2300100
2300010
2300001
2220000
2202000
2200200
2200020
2200002
2130000
2103000
2100300
2100030
2100003
2040000
2031000
2030100
2030010
2030001
2022000
2020200
2020020
2020002
2013000
2010300
2010030
2010003
2004000
2003100
2003010
2003001
2002200
2002020
2002002
2001300
2001030
2001003
2000400
2000310
2000301
2000220
2000202
2000130
2000103
2000040
2000031
2000022
2000013
2000004
1320000
1302000
1300200
1300020
1300002
1230000
1203000
1200300
1200030
1200003
1032000
1030200
1030020
1030002
1023000
1020300
1020030
1020003
1003200
1003020
1003002
1002300
1002030
1002003
1000320
1000302
1000230
1000203
1000032
1000023
420000
402000
400200
400020
400002
321000
320100
320010
320001
312000
310200
310020
310002
302100
302010
302001
301200
301020
301002
300210
300201
300120
300102
300021
300012
240000
231000
230100
230010
230001
222000
220200
220020
220002
213000
210300
210030
210003
204000
203100
203010
203001
202200
202020
202002
201300
201030
201003
200400
200310
200301
200220
200202
200130
200103
200040
200031
200022
200013
200004
132000
130200
130020
130002
123000
120300
120030
120003
103200
103020
103002
102300
102030
102003
100320
100302
100230
100203
100032
100023
42000
40200
40020
40002
32100
32010
32001
31200
31020
31002
30210
30201
30120
30102
30021
30012
24000
23100
23010
23001
22200
22020
22002
21300
21030
21003
20400
20310
20301
20220
20202
20130
20103
20040
20031
20022
20013
20004
13200
13020
13002
12300
12030
12003
10320
10302
10230
10203
10032
10023
4200
4020
4002
3210
3201
3120
3102
3021
3012
2400
2310
2301
2220
2202
2130
2103
2040
2031
2022
2013
2004
1320
1302
1230
1203
1032
1023
420
402
321
312
240
231
222
213
204
132
123
42
24
4320000
4302000
4300200
4300020
4300002
4230000
4203000
4200300
4200030
4200003
4032000
4030200
4030020
4030002
4023000
4020300
4020030
4020003
4003200
4003020
4003002
4002300
4002030
4002003
4000320
4000302
4000230
4000203
4000032
4000023
3420000
3402000
3400200
3400020
3400002
3321000
3320100
3320010
3320001
3312000
3310200
3310020
3310002
3302100
3302010
3302001
3301200
3301020
3301002
3300210
3300201
3300120
3300102
3300021
3300012
3240000
3231000
3230100
3230010
3230001
3222000
3220200
3220020
3220002
3213000
3210300
3210030
3210003
3204000
3203100
3203010
3203001
3202200
3202020
3202002
3201300
3201030
3201003
3200400
3200310
3200301
3200220
3200202
3200130
3200103
3200040
3200031
3200022
3200013
3200004
3132000
3130200
3130020
3130002
3123000
3120300
3120030
3120003
3103200
3103020
3103002
3102300
3102030
3102003
3100320
3100302
3100230
3100203
3100032
3100023
3042000
3040200
3040020
3040002
3032100
3032010
3032001
3031200
3031020
3031002
3030210
3030201
3030120
3030102
3030021
3030012
3024000
3023100
3023010
3023001
3022200
3022020
3022002
3021300
3021030
3021003
3020400
3020310
3020301
3020220
3020202
3020130
3020103
3020040
3020031
3020022
3020013
3020004
3013200
3013020
3013002
3012300
3012030
3012003
3010320
3010302
3010230
3010203
3010032
3010023
3004200
3004020
3004002
3003210
3003201
3003120
3003102
3003021
3003012
3002400
3002310
3002301
3002220
3002202
3002130
3002103
3002040
3002031
3002022
3002013
3002004
3001320
3001302
3001230
3001203
3001032
3001023
3000420
3000402
3000321
3000312
3000240
3000231
3000222
3000213
3000204
3000132
3000123
3000042
3000024
2430000
2403000
2400300
2400030
2400003
2340000
2331000
2330100
2330010
2330001
2322000
2320200
2320020
2320002
2313000
2310300
2310030
2310003
2304000
2303100
2303010
2303001
2302200
2302020
2302002
2301300
2301030
2301003
2300400
2300310
2300301
2300220
2300202
2300130
2300103
2300040
2300031
2300022
2300013
2300004
2232000
2230200
2230020
2230002
2223000
2220300
2220030
2220003
2203200
2203020
2203002
2202300
2202030
2202003
2200320
2200302
2200230
2200203
2200032
2200023
2133000
2130300
2130030
2130003
2103300
2103030
2103003
2100330
2100303
2100033
2043000
2040300
2040030
2040003
2034000
2033100
2033010
2033001
2032200
2032020
2032002
2031300
2031030
2031003
2030400
2030310
2030301
2030220
2030202
2030130
2030103
2030040
2030031
2030022
2030013
2030004
2023200
2023020
2023002
2022300
2022030
2022003
2020320
2020302
2020230
2020203
2020032
2020023
2013300
2013030
2013003
2010330
2010303
2010033
2004300
2004030
2004003
2003400
2003310
2003301
2003220
2003202
2003130
2003103
2003040
2003031
2003022
2003013
2003004
2002320
2002302
2002230
2002203
2002032
2002023
2001330
2001303
2001033
2000430
2000403
2000340
2000331
2000322
2000313
2000304
2000232
2000223
2000133
2000043
2000034
1332000
1330200
1330020
1330002
1323000
1320300
1320030
1320003
1303200
1303020
1303002
1302300
1302030
1302003
1300320
1300302
1300230
1300203
1300032
1300023
1233000
1230300
1230030
1230003
1203300
1203030
1203003
1200330
1200303
1200033
1033200
1033020
1033002
1032300
1032030
1032003
1030320
1030302
1030230
1030203
1030032
1030023
1023300
1023030
1023003
1020330
1020303
1020033
1003320
1003302
1003230
1003203
1003032
1003023
1002330
1002303
1002033
1000332
1000323
1000233
432000
430200
430020
430002
423000
420300
420030
420003
403200
403020
403002
402300
402030
402003
400320
400302
400230
400203
400032
400023
342000
340200
340020
340002
332100
332010
332001
331200
331020
331002
330210
330201
330120
330102
330021
330012
324000
323100
323010
323001
322200
322020
322002
321300
321030
321003
320400
320310
320301
320220
320202
320130
320103
320040
320031
320022
320013
320004
313200
313020
313002
312300
312030
312003
310320
310302
310230
310203
310032
310023
304200
304020
304002
303210
303201
303120
303102
303021
303012
302400
302310
302301
302220
302202
302130
302103
302040
302031
302022
302013
302004
301320
301302
301230
301203
301032
301023
300420
300402
300321
300312
300240
300231
300222
300213
300204
300132
300123
300042
300024
243000
240300
240030
240003
234000
233100
233010
233001
232200
232020
232002
231300
231030
231003
230400
230310
230301
230220
230202
230130
230103
230040
230031
230022
230013
230004
223200
223020
223002
222300
222030
222003
220320
220302
220230
220203
220032
220023
213300
213030
213003
210330
210303
210033
204300
204030
204003
203400
203310
203301
203220
203202
203130
203103
203040
203031
203022
203013
203004
202320
202302
202230
202203
202032
202023
201330
201303
201033
200430
200403
200340
200331
200322
200313
200304
200232
200223
200133
200043
200034
133200
133020
133002
132300
132030
132003
130320
130302
130230
130203
130032
130023
123300
123030
123003
120330
120303
120033
103320
103302
103230
103203
103032
103023
102330
102303
102033
100332
100323
100233
43200
43020
43002
42300
42030
42003
40320
40302
40230
40203
40032
40023
34200
34020
34002
33210
33201
33120
33102
33021
33012
32400
32310
32301
32220
32202
32130
32103
32040
32031
32022
32013
32004
31320
31302
31230
31203
31032
31023
30420
30402
30321
30312
30240
30231
30222
30213
30204
30132
30123
30042
30024
24300
24030
24003
23400
23310
23301
23220
23202
23130
23103
23040
23031
23022
23013
23004
22320
22302
22230
22203
22032
22023
21330
21303
21033
20430
20403
20340
20331
20322
20313
20304
20232
20223
20133
20043
20034
13320
13302
13230
13203
13032
13023
12330
12303
12033
10332
10323
10233
4320
4302
4230
4203
4032
4023
3420
3402
3321
3312
3240
3231
3222
3213
3204
3132
3123
3042
3024
2430
2403
2340
2331
2322
2313
2304
2232
2223
2133
2043
2034
1332
1323
1233
432
423
342
324
243
234
