2111100
2111010
2111001
2110110
2110101
2110011
2101110
2101101
2101011
2100111
2011110
2011101
2011011
2010111
2001111
1211100
1211010
1211001
1210110
1210101
1210011
1201110
1201101
1201011
1200111
1121100
1121010
1121001
1120110
1120101
1120011
1112100
1112010
1112001
1111200
1111020
1111002
1110210
1110201
1110120
1110102
1110021
1110012
1102110
1102101
1102011
1101210
1101201
1101120
1101102
1101021
1101012
1100211
1100121
1100112
1021110
1021101
1021011
1020111
1012110
1012101
1012011
1011210
1011201
1011120
1011102
1011021
1011012
1010211
1010121
1010112
1002111
1001211
1001121
1001112
211110
211101
211011
210111
201111
121110
121101
121011
120111
112110
112101
112011
111210
111201
111120
111102
111021
111012
110211
110121
110112
102111
101211
101121
101112
21111
12111
11211
11121
11112
