2000000
200000
20000
2000
200
20
2
3200000
3020000
3002000
3000200
3000020
3000002
2300000
2030000
2003000
2000300
2000030
2000003
320000
302000
300200
300020
300002
230000
203000
200300
200030
200003
32000
30200
30020
30002
23000
20300
20030
20003
3200
3020
3002
2300
2030
2003
320
302
230
203
32
23
3320000
3302000
3300200
3300020
3300002
3230000
3203000
3200300
3200030
3200003
3032000
3030200
3030020
3030002
3023000
3020300
3020030
3020003
3003200
3003020
3003002
3002300
3002030
3002003
3000320
3000302
3000230
3000203
3000032
3000023
2330000
2303000
2300300
2300030
2300003
2033000
2030300
2030030
2030003
2003300
2003030
2003003
2000330
2000303
2000033
332000
330200
330020
330002
323000
320300
320030
320003
303200
303020
303002
302300
302030
302003
300320
300302
300230
300203
300032
300023
233000
230300
230030
230003
203300
203030
203003
200330
200303
200033
33200
33020
33002
32300
32030
32003
30320
30302
30230
30203
30032
30023
23300
23030
23003
20330
20303
20033
3320
3302
3230
3203
3032
3023
2330
2303
2033
332
323
233
3332000
3330200
3330020
3330002
3323000
3320300
3320030
3320003
3303200
3303020
3303002
3302300
3302030
3302003
3300320
3300302
3300230
3300203
3300032
3300023
3233000
3230300
3230030
3230003
3203300
3203030
3203003
3200330
3200303
3200033
3033200
3033020
3033002
3032300
3032030
3032003
3030320
3030302
3030230
3030203
3030032
3030023
3023300
3023030
3023003
3020330
3020303
3020033
3003320
3003302
3003230
3003203
3003032
3003023
3002330
3002303
3002033
3000332
3000323
3000233
2333000
2330300
2330030
2330003
2303300
2303030
2303003
2300330
2300303
2300033
2033300
2033030
2033003
2030330
2030303
2030033
2003330
2003303
2003033
2000333
333200
333020
333002
332300
332030
332003
330320
330302
330230
330203
330032
330023
323300
323030
323003
320330
320303
320033
303320
303302
303230
303203
303032
303023
302330
302303
302033
300332
300323
300233
233300
233030
233003
230330
230303
230033
203330
203303
203033
200333
33320
33302
33230
33203
33032
33023
32330
32303
32033
30332
30323
30233
23330
23303
23033
20333
3332
3323
3233
2333
