2111000
2110100
2110010
2110001
2101100
2101010
2101001
2100110
2100101
2100011
2011100
2011010
2011001
2010110
2010101
2010011
2001110
2001101
2001011
2000111
1211000
1210100
1210010
1210001
1201100
1201010
1201001
1200110
1200101
1200011
1121000
1120100
1120010
1120001
1112000
1110200
1110020
1110002
1102100
1102010
1102001
1101200
1101020
1101002
1100210
1100201
1100120
1100102
1100021
1100012
1021100
1021010
1021001
1020110
1020101
1020011
1012100
1012010
1012001
1011200
1011020
1011002
1010210
1010201
1010120
1010102
1010021
1010012
1002110
1002101
1002011
1001210
1001201
1001120
1001102
1001021
1001012
1000211
1000121
1000112
211100
211010
211001
210110
210101
210011
201110
201101
201011
200111
121100
121010
121001
120110
120101
120011
112100
112010
112001
111200
111020
111002
110210
110201
110120
110102
110021
110012
102110
102101
102011
101210
101201
101120
101102
101021
101012
100211
100121
100112
21110
21101
21011
20111
12110
12101
12011
11210
11201
11120
11102
11021
11012
10211
10121
10112
2111
1211
1121
1112
