1100000
1010000
1001000
1000100
1000010
1000001
110000
101000
100100
100010
100001
11000
10100
10010
10001
1100
1010
1001
110
101
11
4100000
4010000
4001000
4000100
4000010
4000001
3110000
3101000
3100100
3100010
3100001
3011000
3010100
3010010
3010001
3001100
3001010
3001001
3000110
3000101
3000011
2210000
2201000
2200100
2200010
2200001
2120000
2102000
2100200
2100020
2100002
2021000
2020100
2020010
2020001
2012000
2010200
2010020
2010002
2002100
2002010
2002001
2001200
2001020
2001002
2000210
2000201
2000120
2000102
2000021
2000012
1400000
1310000
1301000
1300100
1300010
1300001
1220000
1202000
1200200
1200020
1200002
1130000
1103000
1100300
1100030
1100003
1040000
1031000
1030100
1030010
1030001
1022000
1020200
1020020
1020002
1013000
1010300
1010030
1010003
1004000
1003100
1003010
1003001
1002200
1002020
1002002
1001300
1001030
1001003
1000400
1000310
1000301
1000220
1000202
1000130
1000103
1000040
1000031
1000022
1000013
1000004
410000
401000
400100
400010
400001
311000
310100
310010
310001
301100
301010
301001
300110
300101
300011
221000
220100
220010
220001
212000
210200
210020
210002
202100
202010
202001
201200
201020
201002
200210
200201
200120
200102
200021
200012
140000
131000
130100
130010
130001
122000
120200
120020
120002
113000
110300
110030
110003
104000
103100
103010
103001
102200
102020
102002
101300
101030
101003
100400
100310
100301
100220
100202
100130
100103
100040
100031
100022
100013
100004
41000
40100
40010
40001
31100
31010
31001
30110
30101
30011
22100
22010
22001
21200
21020
21002
20210
20201
20120
20102
20021
20012
14000
13100
13010
13001
12200
12020
12002
11300
11030
11003
10400
10310
10301
10220
10202
10130
10103
10040
10031
10022
10013
10004
4100
4010
4001
3110
3101
3011
2210
2201
2120
2102
2021
2012
1400
1310
1301
1220
1202
1130
1103
1040
1031
1022
1013
1004
410
401
311
221
212
140
131
122
113
104
41
14
4400000
4310000
4301000
4300100
4300010
4300001
4220000
4202000
4200200
4200020
4200002
4130000
4103000
4100300
4100030
4100003
4040000
4031000
4030100
4030010
4030001
4022000
4020200
4020020
4020002
4013000
4010300
4010030
4010003
4004000
4003100
4003010
4003001
4002200
4002020
4002002
4001300
4001030
4001003
4000400
4000310
4000301
4000220
4000202
4000130
4000103
4000040
4000031
4000022
4000013
4000004
3410000
3401000
3400100
3400010
3400001
3311000
3310100
3310010
3310001
3301100
3301010
3301001
3300110
3300101
3300011
3221000
3220100
3220010
3220001
3212000
3210200
3210020
3210002
3202100
3202010
3202001
3201200
3201020
3201002
3200210
3200201
3200120
3200102
3200021
3200012
3140000
3131000
3130100
3130010
3130001
3122000
3120200
3120020
3120002
3113000
3110300
3110030
3110003
3104000
3103100
3103010
3103001
3102200
3102020
3102002
3101300
3101030
3101003
3100400
3100310
3100301
3100220
3100202
3100130
3100103
3100040
3100031
3100022
3100013
3100004
3041000
3040100
3040010
3040001
3031100
3031010
3031001
3030110
3030101
3030011
3022100
3022010
3022001
3021200
3021020
3021002
3020210
3020201
3020120
3020102
3020021
3020012
3014000
3013100
3013010
3013001
3012200
3012020
3012002
3011300
3011030
3011003
3010400
3010310
3010301
3010220
3010202
3010130
3010103
3010040
3010031
3010022
3010013
3010004
3004100
3004010
3004001
3003110
3003101
3003011
3002210
3002201
3002120
3002102
3002021
3002012
3001400
3001310
3001301
3001220
3001202
3001130
3001103
3001040
3001031
3001022
3001013
3001004
3000410
3000401
3000311
3000221
3000212
3000140
3000131
3000122
3000113
3000104
3000041
3000014
2420000
2402000
2400200
2400020
2400002
2321000
2320100
2320010
2320001
2312000
2310200
2310020
2310002
2302100
2302010
2302001
2301200
2301020
2301002
2300210
2300201
2300120
2300102
2300021
2300012
2240000
2231000
2230100
2230010
2230001
2222000
2220200
2220020
2220002
2213000
2210300
2210030
2210003
2204000
2203100
2203010
2203001
2202200
2202020
2202002
2201300
2201030
2201003
2200400
2200310
2200301
2200220
2200202
2200130
2200103
2200040
2200031
2200022
2200013
2200004
2132000
2130200
2130020
2130002
2123000
2120300
2120030
2120003
2103200
2103020
2103002
2102300
2102030
2102003
2100320
2100302
2100230
2100203
2100032
2100023
2042000
2040200
2040020
2040002
2032100
2032010
2032001
2031200
2031020
2031002
2030210
2030201
2030120
2030102
2030021
2030012
2024000
2023100
2023010
2023001
2022200
2022020
2022002
2021300
2021030
2021003
2020400
2020310
2020301
2020220
2020202
2020130
2020103
2020040
2020031
2020022
2020013
2020004
2013200
2013020
2013002
2012300
2012030
2012003
2010320
2010302
2010230
2010203
2010032
2010023
2004200
2004020
2004002
2003210
2003201
2003120
2003102
2003021
2003012
2002400
2002310
2002301
2002220
2002202
2002130
2002103
2002040
2002031
2002022
2002013
2002004
2001320
2001302
2001230
2001203
2001032
2001023
2000420
2000402
2000321
2000312
2000240
2000231
2000222
2000213
2000204
2000132
2000123
2000042
2000024
1430000
1403000
1400300
1400030
1400003
1340000
1331000
1330100
1330010
1330001
1322000
1320200
1320020
1320002
1313000
1310300
1310030
1310003
1304000
1303100
1303010
1303001
1302200
1302020
1302002
1301300
1301030
1301003
1300400
1300310
1300301
1300220
1300202
1300130
1300103
1300040
1300031
1300022
1300013
1300004
1232000
1230200
1230020
1230002
1223000
1220300
1220030
1220003
1203200
1203020
1203002
1202300
1202030
1202003
1200320
1200302
1200230
1200203
1200032
1200023
1133000
1130300
1130030
1130003
1103300
1103030
1103003
1100330
1100303
1100033
1043000
1040300
1040030
1040003
1034000
1033100
1033010
1033001
1032200
1032020
1032002
1031300
1031030
1031003
1030400
1030310
1030301
1030220
1030202
1030130
1030103
1030040
1030031
1030022
1030013
1030004
1023200
1023020
1023002
1022300
1022030
1022003
1020320
1020302
1020230
1020203
1020032
1020023
1013300
1013030
1013003
1010330
1010303
1010033
1004300
1004030
1004003
1003400
1003310
1003301
1003220
1003202
1003130
1003103
1003040
1003031
1003022
1003013
1003004
1002320
1002302
1002230
1002203
1002032
1002023
1001330
1001303
1001033
1000430
1000403
1000340
1000331
1000322
1000313
1000304
1000232
1000223
1000133
1000043
1000034
440000
431000
430100
430010
430001
422000
420200
420020
420002
413000
410300
410030
410003
404000
403100
403010
403001
402200
402020
402002
401300
401030
401003
400400
400310
400301
400220
400202
400130
400103
400040
400031
400022
400013
400004
341000
340100
340010
340001
331100
331010
331001
330110
330101
330011
322100
322010
322001
321200
321020
321002
320210
320201
320120
320102
320021
320012
314000
313100
313010
313001
312200
312020
312002
311300
311030
311003
310400
310310
310301
310220
310202
310130
310103
310040
310031
310022
310013
310004
304100
304010
304001
303110
303101
303011
302210
302201
302120
302102
302021
302012
301400
301310
301301
301220
301202
301130
301103
301040
301031
301022
301013
301004
300410
300401
300311
300221
300212
300140
300131
300122
300113
300104
300041
300014
242000
240200
240020
240002
232100
232010
232001
231200
231020
231002
230210
230201
230120
230102
230021
230012
224000
223100
223010
223001
222200
222020
222002
221300
221030
221003
220400
220310
220301
220220
220202
220130
220103
220040
220031
220022
220013
220004
213200
213020
213002
212300
212030
212003
210320
210302
210230
210203
210032
210023
204200
204020
204002
203210
203201
203120
203102
203021
203012
202400
202310
202301
202220
202202
202130
202103
202040
202031
202022
202013
202004
201320
201302
201230
201203
201032
201023
200420
200402
200321
200312
200240
200231
200222
200213
200204
200132
200123
200042
200024
143000
140300
140030
140003
134000
133100
133010
133001
132200
132020
132002
131300
131030
131003
130400
130310
130301
130220
130202
130130
130103
130040
130031
130022
130013
130004
123200
123020
123002
122300
122030
122003
120320
120302
120230
120203
120032
120023
113300
113030
113003
110330
110303
110033
104300
104030
104003
103400
103310
103301
103220
103202
103130
103103
103040
103031
103022
103013
103004
102320
102302
102230
102203
102032
102023
101330
101303
101033
100430
100403
100340
100331
100322
100313
100304
100232
100223
100133
100043
100034
44000
43100
43010
43001
42200
42020
42002
41300
41030
41003
40400
40310
40301
40220
40202
40130
40103
40040
40031
40022
40013
40004
34100
34010
34001
33110
33101
33011
32210
32201
32120
32102
32021
32012
31400
31310
31301
31220
31202
31130
31103
31040
31031
31022
31013
31004
30410
30401
30311
30221
30212
30140
30131
30122
30113
30104
30041
30014
24200
24020
24002
23210
23201
23120
23102
23021
23012
22400
22310
22301
22220
22202
22130
22103
22040
22031
22022
22013
22004
21320
21302
21230
21203
21032
21023
20420
20402
20321
20312
20240
20231
20222
20213
20204
20132
20123
20042
20024
14300
14030
14003
13400
13310
13301
13220
13202
13130
13103
13040
13031
13022
13013
13004
12320
12302
12230
12203
12032
12023
11330
11303
11033
10430
10403
10340
10331
10322
10313
10304
10232
10223
10133
10043
10034
4400
4310
4301
4220
4202
4130
4103
4040
4031
4022
4013
4004
3410
3401
3311
3221
3212
3140
3131
3122
3113
3104
3041
3014
2420
2402
2321
2312
2240
2231
2222
2213
2204
2132
2123
2042
2024
1430
1403
1340
1331
1322
1313
1304
1232
1223
1133
1043
1034
440
431
422
413
404
341
314
242
224
143
134
44
