2111000
2110100
2110010
2110001
2101100
2101010
2101001
2100110
2100101
2100011
2011100
2011010
2011001
2010110
2010101
2010011
2001110
2001101
2001011
2000111
1211000
1210100
1210010
1210001
1201100
1201010
1201001
1200110
1200101
1200011
1121000
1120100
1120010
1120001
1112000
1110200
1110020
1110002
1102100
1102010
1102001
1101200
1101020
1101002
1100210
1100201
1100120
1100102
1100021
1100012
1021100
1021010
1021001
1020110
1020101
1020011
1012100
1012010
1012001
1011200
1011020
1011002
1010210
1010201
1010120
1010102
1010021
1010012
1002110
1002101
1002011
1001210
1001201
1001120
1001102
1001021
1001012
1000211
1000121
1000112
211100
211010
211001
210110
210101
210011
201110
201101
201011
200111
121100
121010
121001
120110
120101
120011
112100
112010
112001
111200
111020
111002
110210
110201
110120
110102
110021
110012
102110
102101
102011
101210
101201
101120
101102
101021
101012
100211
100121
100112
21110
21101
21011
20111
12110
12101
12011
11210
11201
11120
11102
11021
11012
10211
10121
10112
2111
1211
1121
1112
4211000
4210100
4210010
4210001
4201100
4201010
4201001
4200110
4200101
4200011
4121000
4120100
4120010
4120001
4112000
4110200
4110020
4110002
4102100
4102010
4102001
4101200
4101020
4101002
4100210
4100201
4100120
4100102
4100021
4100012
4021100
4021010
4021001
4020110
4020101
4020011
4012100
4012010
4012001
4011200
4011020
4011002
4010210
4010201
4010120
4010102
4010021
4010012
4002110
4002101
4002011
4001210
4001201
4001120
4001102
4001021
4001012
4000211
4000121
4000112
3211100
3211010
3211001
3210110
3210101
3210011
3201110
3201101
3201011
3200111
3121100
3121010
3121001
3120110
3120101
3120011
3112100
3112010
3112001
3111200
3111020
3111002
3110210
3110201
3110120
3110102
3110021
3110012
3102110
3102101
3102011
3101210
3101201
3101120
3101102
3101021
3101012
3100211
3100121
3100112
3021110
3021101
3021011
3020111
3012110
3012101
3012011
3011210
3011201
3011120
3011102
3011021
3011012
3010211
3010121
3010112
3002111
3001211
3001121
3001112
2411000
2410100
2410010
2410001
2401100
2401010
2401001
2400110
2400101
2400011
2311100
2311010
2311001
2310110
2310101
2310011
2301110
2301101
2301011
2300111
2221100
2221010
2221001
2220110
2220101
2220011
2212100
2212010
2212001
2211200
2211020
2211002
2210210
2210201
2210120
2210102
2210021
2210012
2202110
2202101
2202011
2201210
2201201
2201120
2201102
2201021
2201012
2200211
2200121
2200112
2141000
2140100
2140010
2140001
2131100
2131010
2131001
2130110
2130101
2130011
2122100
2122010
2122001
2121200
2121020
2121002
2120210
2120201
2120120
2120102
2120021
2120012
2114000
2113100
2113010
2113001
2112200
2112020
2112002
2111300
2110400
2110310
2110301
2110220
2110202
2111030
2110130
2110040
2110031
2110022
2111003
2110103
2110013
2110004
2104100
2104010
2104001
2103110
2103101
2103011
2102210
2102201
2102120
2102102
2102021
2102012
2101400
2101310
2101301
2101220
2101202
2101130
2101040
2101031
2101022
2101103
2101013
2101004
2100410
2100401
2100311
2100221
2100212
2100140
2100131
2100122
2100113
2100104
2100041
2100014
2041100
2041010
2041001
2040110
2040101
2040011
2031110
2031101
2031011
2030111
2022110
2022101
2022011
2021210
2021201
2021120
2021102
2021021
2021012
2020211
2020121
2020112
2014100
2014010
2014001
2013110
2013101
2013011
2012210
2012201
2012120
2012102
2012021
2012012
2011400
2011310
2011301
2011220
2011202
2011130
2011040
2011031
2011022
2011103
2011013
2011004
2010410
2010401
2010311
2010221
2010212
2010140
2010131
2010122
2010113
2010104
2010041
2010014
2004110
2004101
2004011
2003111
2002211
2002121
2002112
2001410
2001401
2001311
2001221
2001212
2001140
2001131
2001122
2001113
2001104
2001041
2001014
2000411
2000141
2000114
1421000
1420100
1420010
1420001
1412000
1410200
1410020
1410002
1402100
1402010
1402001
1401200
1401020
1401002
1400210
1400201
1400120
1400102
1400021
1400012
1321100
1321010
1321001
1320110
1320101
1320011
1312100
1312010
1312001
1311200
1311020
1311002
1310210
1310201
1310120
1310102
1310021
1310012
1302110
1302101
1302011
1301210
1301201
1301120
1301102
1301021
1301012
1300211
1300121
1300112
1241000
1240100
1240010
1240001
1231100
1231010
1231001
1230110
1230101
1230011
1222100
1222010
1222001
1221200
1221020
1221002
1220210
1220201
1220120
1220102
1220021
1220012
1214000
1213100
1213010
1213001
1212200
1212020
1212002
1211300
1210400
1210310
1210301
1210220
1210202
1211030
1210130
1210040
1210031
1210022
1211003
1210103
1210013
1210004
1204100
1204010
1204001
1203110
1203101
1203011
1202210
1202201
1202120
1202102
1202021
1202012
1201400
1201310
1201301
1201220
1201202
1201130
1201040
1201031
1201022
1201103
1201013
1201004
1200410
1200401
1200311
1200221
1200212
1200140
1200131
1200122
1200113
1200104
1200041
1200014
1142000
1140200
1140020
1140002
1132100
1132010
1132001
1131200
1131020
1131002
1130210
1130201
1130120
1130102
1130021
1130012
1124000
1123100
1123010
1123001
1122200
1122020
1122002
1121300
1120400
1120310
1120301
1120220
1120202
1121030
1120130
1120040
1120031
1120022
1121003
1120103
1120013
1120004
1113200
1113020
1113002
1112300
1110320
1110302
1112030
1110230
1110032
1112003
1110203
1110023
1104200
1104020
1104002
1103210
1103201
1103120
1103102
1103021
1103012
1102400
1102310
1102301
1102220
1102202
1102130
1102040
1102031
1102022
1102103
1102013
1102004
1101320
1101302
1101230
1101032
1101203
1101023
1100420
1100402
1100321
1100312
1100240
1100231
1100222
1100213
1100204
1100132
1100123
1100042
1100024
1042100
1042010
1042001
1041200
1041020
1041002
1040210
1040201
1040120
1040102
1040021
1040012
1032110
1032101
1032011
1031210
1031201
1031120
1031102
1031021
1031012
1030211
1030121
1030112
1024100
1024010
1024001
1023110
1023101
1023011
1022210
1022201
1022120
1022102
1022021
1022012
1021400
1021310
1021301
1021220
1021202
1021130
1021040
1021031
1021022
1021103
1021013
1021004
1020410
1020401
1020311
1020221
1020212
1020140
1020131
1020122
1020113
1020104
1020041
1020014
1014200
1014020
1014002
1013210
1013201
1013120
1013102
1013021
1013012
1012400
1012310
1012301
1012220
1012202
1012130
1012040
1012031
1012022
1012103
1012013
1012004
1011320
1011302
1011230
1011032
1011203
1011023
1010420
1010402
1010321
1010312
1010240
1010231
1010222
1010213
1010204
1010132
1010123
1010042
1010024
1004210
1004201
1004120
1004102
1004021
1004012
1003211
1003121
1003112
1002410
1002401
1002311
1002221
1002212
1002140
1002131
1002122
1002113
1002104
1002041
1002014
1001420
1001402
1001321
1001312
1001240
1001231
1001222
1001213
1001204
1001132
1001123
1001042
1001024
1000421
1000412
1000241
1000214
1000142
1000124
421100
421010
421001
420110
420101
420011
412100
412010
412001
411200
411020
411002
410210
410201
410120
410102
410021
410012
402110
402101
402011
401210
401201
401120
401102
401021
401012
400211
400121
400112
321110
321101
321011
320111
312110
312101
312011
311210
311201
311120
311102
311021
311012
310211
310121
310112
302111
301211
301121
301112
241100
241010
241001
240110
240101
240011
231110
231101
231011
230111
222110
222101
222011
221210
221201
221120
221102
221021
221012
220211
220121
220112
214100
214010
214001
213110
213101
213011
212210
212201
212120
212102
212021
212012
211400
211310
211301
211220
211202
211130
211040
211031
211022
211103
211013
211004
210410
210401
210311
210221
210212
210140
210131
210122
210113
210104
210041
210014
204110
204101
204011
203111
202211
202121
202112
201410
201401
201311
201221
201212
201140
201131
201122
201113
201104
201041
201014
200411
200141
200114
142100
142010
142001
141200
141020
141002
140210
140201
140120
140102
140021
140012
132110
132101
132011
131210
131201
131120
131102
131021
131012
130211
130121
130112
124100
124010
124001
123110
123101
123011
122210
122201
122120
122102
122021
122012
121400
121310
121301
121220
121202
121130
121040
121031
121022
121103
121013
121004
120410
120401
120311
120221
120212
120140
120131
120122
120113
120104
120041
120014
114200
114020
114002
113210
113201
113120
113102
113021
113012
112400
112310
112301
112220
112202
112130
112040
112031
112022
112103
112013
112004
111320
111302
111230
111032
111203
111023
110420
110402
110321
110312
110240
110231
110222
110213
110204
110132
110123
110042
110024
104210
104201
104120
104102
104021
104012
103211
103121
103112
102410
102401
102311
102221
102212
102140
102131
102122
102113
102104
102041
102014
101420
101402
101321
101312
101240
101231
101222
101213
101204
101132
101123
101042
101024
100421
100412
100241
100214
100142
100124
42110
42101
42011
41210
41201
41120
41102
41021
41012
40211
40121
40112
32111
31211
31121
31112
24110
24101
24011
23111
22211
22121
22112
21410
21401
21311
21221
21212
21140
21131
21122
21113
21104
21041
21014
20411
20141
20114
14210
14201
14120
14102
14021
14012
13211
13121
13112
12410
12401
12311
12221
12212
12140
12131
12122
12113
12104
12041
12014
11420
11402
11321
11312
11240
11231
11222
11213
11204
11132
11123
11042
11024
10421
10412
10241
10214
10142
10124
4211
4121
4112
2411
2141
2114
1421
1412
1241
1214
1142
1124
