1000000
100000
10000
1000
100
10
1
4000000
3100000
3010000
3001000
3000100
3000010
3000001
2200000
2020000
2002000
2000200
2000020
2000002
1300000
400000
310000
301000
300100
300010
300001
220000
202000
200200
200020
200002
1030000
130000
40000
31000
30100
30010
30001
22000
20200
20020
20002
1003000
103000
13000
4000
3100
3010
3001
2200
2020
2002
1000300
100300
10300
1300
400
310
301
220
202
1000030
100030
10030
1030
130
40
31
22
1000003
100003
10003
1003
103
13
4
4300000
3400000
3310000
3301000
3300100
3300010
3300001
3220000
3202000
3200200
3200020
3200002
4030000
3130000
3040000
3031000
3030100
3030010
3030001
3022000
3020200
3020020
3020002
4003000
3103000
3013000
3004000
3003100
3003010
3003001
3002200
3002020
3002002
4000300
3100300
3010300
3001300
3000400
3000310
3000301
3000220
3000202
4000030
3100030
3010030
3001030
3000130
3000040
3000031
3000022
4000003
3100003
3010003
3001003
3000103
3000013
3000004
2320000
2302000
2300200
2300020
2300002
2230000
2032000
2030200
2030020
2030002
2203000
2023000
2003200
2003020
2003002
2200300
2020300
2002300
2000320
2000302
2200030
2020030
2002030
2000230
2000032
2200003
2020003
2002003
2000203
2000023
1330000
430000
340000
331000
330100
330010
330001
322000
320200
320020
320002
1303000
403000
313000
304000
303100
303010
303001
302200
302020
302002
1300300
400300
310300
301300
300400
300310
300301
300220
300202
1300030
400030
310030
301030
300130
300040
300031
300022
1300003
400003
310003
301003
300103
300013
300004
232000
230200
230020
230002
223000
203200
203020
203002
220300
202300
200320
200302
220030
202030
200230
200032
220003
202003
200203
200023
1033000
133000
43000
34000
33100
33010
33001
32200
32020
32002
1030300
130300
40300
31300
30400
30310
30301
30220
30202
1030030
130030
40030
31030
30130
30040
30031
30022
1030003
130003
40003
31003
30103
30013
30004
23200
23020
23002
22300
20320
20302
22030
20230
20032
22003
20203
20023
1003300
103300
13300
4300
3400
3310
3301
3220
3202
1003030
103030
13030
4030
3130
3040
3031
3022
1003003
103003
13003
4003
3103
3013
3004
2320
2302
2230
2032
2203
2023
1000330
100330
10330
1330
430
340
331
322
1000303
100303
10303
1303
403
313
304
232
223
1000033
100033
10033
1033
133
43
34
4330000
3430000
3340000
3331000
3330100
3330010
3330001
3322000
3320200
3320020
3320002
4303000
3403000
3313000
3304000
3303100
3303010
3303001
3302200
3302020
3302002
4300300
3400300
3310300
3301300
3300400
3300310
3300301
3300220
3300202
4300030
3400030
3310030
3301030
3300130
3300040
3300031
3300022
4300003
3400003
3310003
3301003
3300103
3300013
3300004
3232000
3230200
3230020
3230002
3223000
3203200
3203020
3203002
3220300
3202300
3200320
3200302
3220030
3202030
3200230
3200032
3220003
3202003
3200203
3200023
4033000
3133000
3043000
3034000
3033100
3033010
3033001
3032200
3032020
3032002
4030300
3130300
3040300
3031300
3030400
3030310
3030301
3030220
3030202
4030030
3130030
3040030
3031030
3030130
3030040
3030031
3030022
4030003
3130003
3040003
3031003
3030103
3030013
3030004
3023200
3023020
3023002
3022300
3020320
3020302
3022030
3020230
3020032
3022003
3020203
3020023
4003300
3103300
3013300
3004300
3003400
3003310
3003301
3003220
3003202
4003030
3103030
3013030
3004030
3003130
3003040
3003031
3003022
4003003
3103003
3013003
3004003
3003103
3003013
3003004
3002320
3002302
3002230
3002032
3002203
3002023
4000330
3100330
3010330
3001330
3000430
3000340
3000331
3000322
4000303
3100303
3010303
3001303
3000403
3000313
3000304
3000232
3000223
4000033
3100033
3010033
3001033
3000133
3000043
3000034
2332000
2330200
2330020
2330002
2323000
2303200
2303020
2303002
2320300
2302300
2300320
2300302
2320030
2302030
2300230
2300032
2320003
2302003
2300203
2300023
2233000
2033200
2033020
2033002
2230300
2032300
2030320
2030302
2230030
2032030
2030230
2030032
2230003
2032003
2030203
2030023
2203300
2023300
2003320
2003302
2203030
2023030
2003230
2003032
2203003
2023003
2003203
2003023
2200330
2020330
2002330
2000332
2200303
2020303
2002303
2000323
2200033
2020033
2002033
2000233
1333000
433000
343000
334000
333100
333010
333001
332200
332020
332002
1330300
430300
340300
331300
330400
330310
330301
330220
330202
1330030
430030
340030
331030
330130
330040
330031
330022
1330003
430003
340003
331003
330103
330013
330004
323200
323020
323002
322300
320320
320302
322030
320230
320032
322003
320203
320023
1303300
403300
313300
304300
303400
303310
303301
303220
303202
1303030
403030
313030
304030
303130
303040
303031
303022
1303003
403003
313003
304003
303103
303013
303004
302320
302302
302230
302032
302203
302023
1300330
400330
310330
301330
300430
300340
300331
300322
1300303
400303
310303
301303
300403
300313
300304
300232
300223
1300033
400033
310033
301033
300133
300043
300034
233200
233020
233002
232300
230320
230302
232030
230230
230032
232003
230203
230023
223300
203320
203302
223030
203230
203032
223003
203203
203023
220330
202330
200332
220303
202303
200323
220033
202033
200233
1033300
133300
43300
34300
33400
33310
33301
33220
33202
1033030
133030
43030
34030
33130
33040
33031
33022
1033003
133003
43003
34003
33103
33013
33004
32320
32302
32230
32032
32203
32023
1030330
130330
40330
31330
30430
30340
30331
30322
1030303
130303
40303
31303
30403
30313
30304
30232
30223
1030033
130033
40033
31033
30133
30043
30034
23320
23302
23230
23032
23203
23023
22330
20332
22303
20323
22033
20233
1003330
103330
13330
4330
3430
3340
3331
3322
1003303
103303
13303
4303
3403
3313
3304
3232
3223
1003033
103033
13033
4033
3133
3043
3034
2332
2323
2233
1000333
100333
10333
1333
433
343
334
4333000
3433000
3343000
3334000
3333100
3333010
3333001
3332200
3332020
3332002
4330300
3430300
3340300
3331300
3330400
3330310
3330301
3330220
3330202
4330030
3430030
3340030
3331030
3330130
3330040
3330031
3330022
4330003
3430003
3340003
3331003
3330103
3330013
3330004
3323200
3323020
3323002
3322300
3320320
3320302
3322030
3320230
3320032
3322003
3320203
3320023
4303300
3403300
3313300
3304300
3303400
3303310
3303301
3303220
3303202
4303030
3403030
3313030
3304030
3303130
3303040
3303031
3303022
4303003
3403003
3313003
3304003
3303103
3303013
3303004
3302320
3302302
3302230
3302032
3302203
3302023
4300330
3400330
3310330
3301330
3300430
3300340
3300331
3300322
4300303
3400303
3310303
3301303
3300403
3300313
3300304
3300232
3300223
4300033
3400033
3310033
3301033
3300133
3300043
3300034
3233200
3233020
3233002
3232300
3230320
3230302
3232030
3230230
3230032
3232003
3230203
3230023
3223300
3203320
3203302
3223030
3203230
3203032
3223003
3203203
3203023
3220330
3202330
3200332
3220303
3202303
3200323
3220033
3202033
3200233
4033300
3133300
3043300
3034300
3033400
3033310
3033301
3033220
3033202
4033030
3133030
3043030
3034030
3033130
3033040
3033031
3033022
4033003
3133003
3043003
3034003
3033103
3033013
3033004
3032320
3032302
3032230
3032032
3032203
3032023
4030330
3130330
3040330
3031330
3030430
3030340
3030331
3030322
4030303
3130303
3040303
3031303
3030403
3030313
3030304
3030232
3030223
4030033
3130033
3040033
3031033
3030133
3030043
3030034
3023320
3023302
3023230
3023032
3023203
3023023
3022330
3020332
3022303
3020323
3022033
3020233
4003330
3103330
3013330
3004330
3003430
3003340
3003331
3003322
4003303
3103303
3013303
3004303
3003403
3003313
3003304
3003232
3003223
4003033
3103033
3013033
3004033
3003133
3003043
3003034
3002332
3002323
3002233
4000333
3100333
3010333
3001333
3000433
3000343
3000334
2333200
2333020
2333002
2332300
2330320
2330302
2332030
2330230
2330032
2332003
2330203
2330023
2323300
2303320
2303302
2323030
2303230
2303032
2323003
2303203
2303023
2320330
2302330
2300332
2320303
2302303
2300323
2320033
2302033
2300233
2233300
2033320
2033302
2233030
2033230
2033032
2233003
2033203
2033023
2230330
2032330
2030332
2230303
2032303
2030323
2230033
2032033
2030233
2203330
2023330
2003332
2203303
2023303
2003323
2203033
2023033
2003233
2200333
2020333
2002333
1333300
433300
343300
334300
333400
333310
333301
333220
333202
1333030
433030
343030
334030
333130
333040
333031
333022
1333003
433003
343003
334003
333103
333013
333004
332320
332302
332230
332032
332203
332023
1330330
430330
340330
331330
330430
330340
330331
330322
1330303
430303
340303
331303
330403
330313
330304
330232
330223
1330033
430033
340033
331033
330133
330043
330034
323320
323302
323230
323032
323203
323023
322330
320332
322303
320323
322033
320233
1303330
403330
313330
304330
303430
303340
303331
303322
1303303
403303
313303
304303
303403
303313
303304
303232
303223
1303033
403033
313033
304033
303133
303043
303034
302332
302323
302233
1300333
400333
310333
301333
300433
300343
300334
233320
233302
233230
233032
233203
233023
232330
230332
232303
230323
232033
230233
223330
203332
223303
203323
223033
203233
220333
202333
1033330
133330
43330
34330
33430
33340
33331
33322
1033303
133303
43303
34303
33403
33313
33304
33232
33223
1033033
133033
43033
34033
33133
33043
33034
32332
32323
32233
1030333
130333
40333
31333
30433
30343
30334
23332
23323
23233
22333
1003333
103333
13333
4333
3433
3343
3334
