1100000
1010000
1001000
1000100
1000010
1000001
110000
101000
100100
100010
100001
11000
10100
10010
10001
1100
1010
1001
110
101
11
4100000
4010000
4001000
4000100
4000010
4000001
3110000
3101000
3100100
3100010
3100001
3011000
3010100
3010010
3010001
3001100
3001010
3001001
3000110
3000101
3000011
2210000
2201000
2200100
2200010
2200001
2120000
2102000
2100200
2100020
2100002
2021000
2020100
2020010
2020001
2012000
2010200
2010020
2010002
2002100
2002010
2002001
2001200
2001020
2001002
2000210
2000201
2000120
2000102
2000021
2000012
1400000
1310000
1301000
1300100
1300010
1300001
1220000
1202000
1200200
1200020
1200002
1130000
1040000
1031000
1030100
1030010
1030001
1022000
1020200
1020020
1020002
1103000
1013000
1004000
1003100
1003010
1003001
1002200
1002020
1002002
1100300
1010300
1001300
1000400
1000310
1000301
1000220
1000202
1100030
1010030
1001030
1000130
1000040
1000031
1000022
1100003
1010003
1001003
1000103
1000013
1000004
410000
401000
400100
400010
400001
311000
310100
310010
310001
301100
301010
301001
300110
300101
300011
221000
220100
220010
220001
212000
210200
210020
210002
202100
202010
202001
201200
201020
201002
200210
200201
200120
200102
200021
200012
140000
131000
130100
130010
130001
122000
120200
120020
120002
113000
104000
103100
103010
103001
102200
102020
102002
110300
101300
100400
100310
100301
100220
100202
110030
101030
100130
100040
100031
100022
110003
101003
100103
100013
100004
41000
40100
40010
40001
31100
31010
31001
30110
30101
30011
22100
22010
22001
21200
21020
21002
20210
20201
20120
20102
20021
20012
14000
13100
13010
13001
12200
12020
12002
11300
10400
10310
10301
10220
10202
11030
10130
10040
10031
10022
11003
10103
10013
10004
4100
4010
4001
3110
3101
3011
2210
2201
2120
2102
2021
2012
1400
1310
1301
1220
1202
1130
1040
1031
1022
1103
1013
1004
410
401
311
221
212
140
131
122
113
104
41
14
4400000
4310000
4301000
4300100
4300010
4300001
4220000
4202000
4200200
4200020
4200002
4130000
4040000
4031000
4030100
4030010
4030001
4022000
4020200
4020020
4020002
4103000
4013000
4004000
4003100
4003010
4003001
4002200
4002020
4002002
4100300
4010300
4001300
4000400
4000310
4000301
4000220
4000202
4100030
4010030
4001030
4000130
4000040
4000031
4000022
4100003
4010003
4001003
4000103
4000013
4000004
3410000
3401000
3400100
3400010
3400001
3311000
3310100
3310010
3310001
3301100
3301010
3301001
3300110
3300101
3300011
3221000
3220100
3220010
3220001
3212000
3210200
3210020
3210002
3202100
3202010
3202001
3201200
3201020
3201002
3200210
3200201
3200120
3200102
3200021
3200012
3140000
3131000
3130100
3130010
3130001
3122000
3120200
3120020
3120002
3113000
3104000
3103100
3103010
3103001
3102200
3102020
3102002
3110300
3101300
3100400
3100310
3100301
3100220
3100202
3110030
3101030
3100130
3100040
3100031
3100022
3110003
3101003
3100103
3100013
3100004
3041000
3040100
3040010
3040001
3031100
3031010
3031001
3030110
3030101
3030011
3022100
3022010
3022001
3021200
3021020
3021002
3020210
3020201
3020120
3020102
3020021
3020012
3014000
3013100
3013010
3013001
3012200
3012020
3012002
3011300
3010400
3010310
3010301
3010220
3010202
3011030
3010130
3010040
3010031
3010022
3011003
3010103
3010013
3010004
3004100
3004010
3004001
3003110
3003101
3003011
3002210
3002201
3002120
3002102
3002021
3002012
3001400
3001310
3001301
3001220
3001202
3001130
3001040
3001031
3001022
3001103
3001013
3001004
3000410
3000401
3000311
3000221
3000212
3000140
3000131
3000122
3000113
3000104
3000041
3000014
2420000
2402000
2400200
2400020
2400002
2321000
2320100
2320010
2320001
2312000
2310200
2310020
2310002
2302100
2302010
2302001
2301200
2301020
2301002
2300210
2300201
2300120
2300102
2300021
2300012
2240000
2231000
2230100
2230010
2230001
2222000
2220200
2220020
2220002
2213000
2204000
2203100
2203010
2203001
2202200
2202020
2202002
2210300
2201300
2200400
2200310
2200301
2200220
2200202
2210030
2201030
2200130
2200040
2200031
2200022
2210003
2201003
2200103
2200013
2200004
2132000
2130200
2130020
2130002
2123000
2103200
2103020
2103002
2120300
2102300
2100320
2100302
2120030
2102030
2100230
2100032
2120003
2102003
2100203
2100023
2042000
2040200
2040020
2040002
2032100
2032010
2032001
2031200
2031020
2031002
2030210
2030201
2030120
2030102
2030021
2030012
2024000
2023100
2023010
2023001
2022200
2022020
2022002
2021300
2020400
2020310
2020301
2020220
2020202
2021030
2020130
2020040
2020031
2020022
2021003
2020103
2020013
2020004
2013200
2013020
2013002
2012300
2010320
2010302
2012030
2010230
2010032
2012003
2010203
2010023
2004200
2004020
2004002
2003210
2003201
2003120
2003102
2003021
2003012
2002400
2002310
2002301
2002220
2002202
2002130
2002040
2002031
2002022
2002103
2002013
2002004
2001320
2001302
2001230
2001032
2001203
2001023
2000420
2000402
2000321
2000312
2000240
2000231
2000222
2000213
2000204
2000132
2000123
2000042
2000024
1430000
1340000
1331000
1330100
1330010
1330001
1322000
1320200
1320020
1320002
1403000
1313000
1304000
1303100
1303010
1303001
1302200
1302020
1302002
1400300
1310300
1301300
1300400
1300310
1300301
1300220
1300202
1400030
1310030
1301030
1300130
1300040
1300031
1300022
1400003
1310003
1301003
1300103
1300013
1300004
1232000
1230200
1230020
1230002
1223000
1203200
1203020
1203002
1220300
1202300
1200320
1200302
1220030
1202030
1200230
1200032
1220003
1202003
1200203
1200023
1133000
1043000
1034000
1033100
1033010
1033001
1032200
1032020
1032002
1130300
1040300
1031300
1030400
1030310
1030301
1030220
1030202
1130030
1040030
1031030
1030130
1030040
1030031
1030022
1130003
1040003
1031003
1030103
1030013
1030004
1023200
1023020
1023002
1022300
1020320
1020302
1022030
1020230
1020032
1022003
1020203
1020023
1103300
1013300
1004300
1003400
1003310
1003301
1003220
1003202
1103030
1013030
1004030
1003130
1003040
1003031
1003022
1103003
1013003
1004003
1003103
1003013
1003004
1002320
1002302
1002230
1002032
1002203
1002023
1100330
1010330
1001330
1000430
1000340
1000331
1000322
1100303
1010303
1001303
1000403
1000313
1000304
1000232
1000223
1100033
1010033
1001033
1000133
1000043
1000034
440000
431000
430100
430010
430001
422000
420200
420020
420002
413000
404000
403100
403010
403001
402200
402020
402002
410300
401300
400400
400310
400301
400220
400202
410030
401030
400130
400040
400031
400022
410003
401003
400103
400013
400004
341000
340100
340010
340001
331100
331010
331001
330110
330101
330011
322100
322010
322001
321200
321020
321002
320210
320201
320120
320102
320021
320012
314000
313100
313010
313001
312200
312020
312002
311300
310400
310310
310301
310220
310202
311030
310130
310040
310031
310022
311003
310103
310013
310004
304100
304010
304001
303110
303101
303011
302210
302201
302120
302102
302021
302012
301400
301310
301301
301220
301202
301130
301040
301031
301022
301103
301013
301004
300410
300401
300311
300221
300212
300140
300131
300122
300113
300104
300041
300014
242000
240200
240020
240002
232100
232010
232001
231200
231020
231002
230210
230201
230120
230102
230021
230012
224000
223100
223010
223001
222200
222020
222002
221300
220400
220310
220301
220220
220202
221030
220130
220040
220031
220022
221003
220103
220013
220004
213200
213020
213002
212300
210320
210302
212030
210230
210032
212003
210203
210023
204200
204020
204002
203210
203201
203120
203102
203021
203012
202400
202310
202301
202220
202202
202130
202040
202031
202022
202103
202013
202004
201320
201302
201230
201032
201203
201023
200420
200402
200321
200312
200240
200231
200222
200213
200204
200132
200123
200042
200024
143000
134000
133100
133010
133001
132200
132020
132002
140300
131300
130400
130310
130301
130220
130202
140030
131030
130130
130040
130031
130022
140003
131003
130103
130013
130004
123200
123020
123002
122300
120320
120302
122030
120230
120032
122003
120203
120023
113300
104300
103400
103310
103301
103220
103202
113030
104030
103130
103040
103031
103022
113003
104003
103103
103013
103004
102320
102302
102230
102032
102203
102023
110330
101330
100430
100340
100331
100322
110303
101303
100403
100313
100304
100232
100223
110033
101033
100133
100043
100034
44000
43100
43010
43001
42200
42020
42002
41300
40400
40310
40301
40220
40202
41030
40130
40040
40031
40022
41003
40103
40013
40004
34100
34010
34001
33110
33101
33011
32210
32201
32120
32102
32021
32012
31400
31310
31301
31220
31202
31130
31040
31031
31022
31103
31013
31004
30410
30401
30311
30221
30212
30140
30131
30122
30113
30104
30041
30014
24200
24020
24002
23210
23201
23120
23102
23021
23012
22400
22310
22301
22220
22202
22130
22040
22031
22022
22103
22013
22004
21320
21302
21230
21032
21203
21023
20420
20402
20321
20312
20240
20231
20222
20213
20204
20132
20123
20042
20024
14300
13400
13310
13301
13220
13202
14030
13130
13040
13031
13022
14003
13103
13013
13004
12320
12302
12230
12032
12203
12023
11330
10430
10340
10331
10322
11303
10403
10313
10304
10232
10223
11033
10133
10043
10034
4400
4310
4301
4220
4202
4130
4040
4031
4022
4103
4013
4004
3410
3401
3311
3221
3212
3140
3131
3122
3113
3104
3041
3014
2420
2402
2321
2312
2240
2231
2222
2213
2204
2132
2123
2042
2024
1430
1340
1331
1322
1403
1313
1304
1232
1223
1133
1043
1034
440
431
422
413
404
341
314
242
224
143
134
44
4430000
4340000
4331000
4330100
4330010
4330001
4322000
4320200
4320020
4320002
4403000
4313000
4304000
4303100
4303010
4303001
4302200
4302020
4302002
4400300
4310300
4301300
4300400
4300310
4300301
4300220
4300202
4400030
4310030
4301030
4300130
4300040
4300031
4300022
4400003
4310003
4301003
4300103
4300013
4300004
4232000
4230200
4230020
4230002
4223000
4203200
4203020
4203002
4220300
4202300
4200320
4200302
4220030
4202030
4200230
4200032
4220003
4202003
4200203
4200023
4133000
4043000
4034000
4033100
4033010
4033001
4032200
4032020
4032002
4130300
4040300
4031300
4030400
4030310
4030301
4030220
4030202
4130030
4040030
4031030
4030130
4030040
4030031
4030022
4130003
4040003
4031003
4030103
4030013
4030004
4023200
4023020
4023002
4022300
4020320
4020302
4022030
4020230
4020032
4022003
4020203
4020023
4103300
4013300
4004300
4003400
4003310
4003301
4003220
4003202
4103030
4013030
4004030
4003130
4003040
4003031
4003022
4103003
4013003
4004003
4003103
4003013
4003004
4002320
4002302
4002230
4002032
4002203
4002023
4100330
4010330
4001330
4000430
4000340
4000331
4000322
4100303
4010303
4001303
4000403
4000313
4000304
4000232
4000223
4100033
4010033
4001033
4000133
4000043
4000034
3440000
3431000
3430100
3430010
3430001
3422000
3420200
3420020
3420002
3413000
3404000
3403100
3403010
3403001
3402200
3402020
3402002
3410300
3401300
3400400
3400310
3400301
3400220
3400202
3410030
3401030
3400130
3400040
3400031
3400022
3410003
3401003
3400103
3400013
3400004
3341000
3340100
3340010
3340001
3331100
3331010
3331001
3330110
3330101
3330011
3322100
3322010
3322001
3321200
3321020
3321002
3320210
3320201
3320120
3320102
3320021
3320012
3314000
3313100
3313010
3313001
3312200
3312020
3312002
3311300
3310400
3310310
3310301
3310220
3310202
3311030
3310130
3310040
3310031
3310022
3311003
3310103
3310013
3310004
3304100
3304010
3304001
3303110
3303101
3303011
3302210
3302201
3302120
3302102
3302021
3302012
3301400
3301310
3301301
3301220
3301202
3301130
3301040
3301031
3301022
3301103
3301013
3301004
3300410
3300401
3300311
3300221
3300212
3300140
3300131
3300122
3300113
3300104
3300041
3300014
3242000
3240200
3240020
3240002
3232100
3232010
3232001
3231200
3231020
3231002
3230210
3230201
3230120
3230102
3230021
3230012
3224000
3223100
3223010
3223001
3222200
3222020
3222002
3221300
3220400
3220310
3220301
3220220
3220202
3221030
3220130
3220040
3220031
3220022
3221003
3220103
3220013
3220004
3213200
3213020
3213002
3212300
3210320
3210302
3212030
3210230
3210032
3212003
3210203
3210023
3204200
3204020
3204002
3203210
3203201
3203120
3203102
3203021
3203012
3202400
3202310
3202301
3202220
3202202
3202130
3202040
3202031
3202022
3202103
3202013
3202004
3201320
3201302
3201230
3201032
3201203
3201023
3200420
3200402
3200321
3200312
3200240
3200231
3200222
3200213
3200204
3200132
3200123
3200042
3200024
3143000
3134000
3133100
3133010
3133001
3132200
3132020
3132002
3140300
3131300
3130400
3130310
3130301
3130220
3130202
3140030
3131030
3130130
3130040
3130031
3130022
3140003
3131003
3130103
3130013
3130004
3123200
3123020
3123002
3122300
3120320
3120302
3122030
3120230
3120032
3122003
3120203
3120023
3113300
3104300
3103400
3103310
3103301
3103220
3103202
3113030
3104030
3103130
3103040
3103031
3103022
3113003
3104003
3103103
3103013
3103004
3102320
3102302
3102230
3102032
3102203
3102023
3110330
3101330
3100430
3100340
3100331
3100322
3110303
3101303
3100403
3100313
3100304
3100232
3100223
3110033
3101033
3100133
3100043
3100034
3044000
3043100
3043010
3043001
3042200
3042020
3042002
3041300
3040400
3040310
3040301
3040220
3040202
3041030
3040130
3040040
3040031
3040022
3041003
3040103
3040013
3040004
3034100
3034010
3034001
3033110
3033101
3033011
3032210
3032201
3032120
3032102
3032021
3032012
3031400
3031310
3031301
3031220
3031202
3031130
3031040
3031031
3031022
3031103
3031013
3031004
3030410
3030401
3030311
3030221
3030212
3030140
3030131
3030122
3030113
3030104
3030041
3030014
3024200
3024020
3024002
3023210
3023201
3023120
3023102
3023021
3023012
3022400
3022310
3022301
3022220
3022202
3022130
3022040
3022031
3022022
3022103
3022013
3022004
3021320
3021302
3021230
3021032
3021203
3021023
3020420
3020402
3020321
3020312
3020240
3020231
3020222
3020213
3020204
3020132
3020123
3020042
3020024
3014300
3013400
3013310
3013301
3013220
3013202
3014030
3013130
3013040
3013031
3013022
3014003
3013103
3013013
3013004
3012320
3012302
3012230
3012032
3012203
3012023
3011330
3010430
3010340
3010331
3010322
3011303
3010403
3010313
3010304
3010232
3010223
3011033
3010133
3010043
3010034
3004400
3004310
3004301
3004220
3004202
3004130
3004040
3004031
3004022
3004103
3004013
3004004
3003410
3003401
3003311
3003221
3003212
3003140
3003131
3003122
3003113
3003104
3003041
3003014
3002420
3002402
3002321
3002312
3002240
3002231
3002222
3002213
3002204
3002132
3002123
3002042
3002024
3001430
3001340
3001331
3001322
3001403
3001313
3001304
3001232
3001223
3001133
3001043
3001034
3000440
3000431
3000422
3000413
3000404
3000341
3000314
3000242
3000224
3000143
3000134
3000044
2432000
2430200
2430020
2430002
2423000
2403200
2403020
2403002
2420300
2402300
2400320
2400302
2420030
2402030
2400230
2400032
2420003
2402003
2400203
2400023
2342000
2340200
2340020
2340002
2332100
2332010
2332001
2331200
2331020
2331002
2330210
2330201
2330120
2330102
2330021
2330012
2324000
2323100
2323010
2323001
2322200
2322020
2322002
2321300
2320400
2320310
2320301
2320220
2320202
2321030
2320130
2320040
2320031
2320022
2321003
2320103
2320013
2320004
2313200
2313020
2313002
2312300
2310320
2310302
2312030
2310230
2310032
2312003
2310203
2310023
2304200
2304020
2304002
2303210
2303201
2303120
2303102
2303021
2303012
2302400
2302310
2302301
2302220
2302202
2302130
2302040
2302031
2302022
2302103
2302013
2302004
2301320
2301302
2301230
2301032
2301203
2301023
2300420
2300402
2300321
2300312
2300240
2300231
2300222
2300213
2300204
2300132
2300123
2300042
2300024
2243000
2234000
2233100
2233010
2233001
2232200
2232020
2232002
2240300
2231300
2230400
2230310
2230301
2230220
2230202
2240030
2231030
2230130
2230040
2230031
2230022
2240003
2231003
2230103
2230013
2230004
2223200
2223020
2223002
2222300
2220320
2220302
2222030
2220230
2220032
2222003
2220203
2220023
2213300
2204300
2203400
2203310
2203301
2203220
2203202
2213030
2204030
2203130
2203040
2203031
2203022
2213003
2204003
2203103
2203013
2203004
2202320
2202302
2202230
2202032
2202203
2202023
2210330
2201330
2200430
2200340
2200331
2200322
2210303
2201303
2200403
2200313
2200304
2200232
2200223
2210033
2201033
2200133
2200043
2200034
2133200
2133020
2133002
2132300
2130320
2130302
2132030
2130230
2130032
2132003
2130203
2130023
2123300
2103320
2103302
2123030
2103230
2103032
2123003
2103203
2103023
2120330
2102330
2100332
2120303
2102303
2100323
2120033
2102033
2100233
2043200
2043020
2043002
2042300
2040320
2040302
2042030
2040230
2040032
2042003
2040203
2040023
2034200
2034020
2034002
2033210
2033201
2033120
2033102
2033021
2033012
2032400
2032310
2032301
2032220
2032202
2032130
2032040
2032031
2032022
2032103
2032013
2032004
2031320
2031302
2031230
2031032
2031203
2031023
2030420
2030402
2030321
2030312
2030240
2030231
2030222
2030213
2030204
2030132
2030123
2030042
2030024
2024300
2023400
2023310
2023301
2023220
2023202
2024030
2023130
2023040
2023031
2023022
2024003
2023103
2023013
2023004
2022320
2022302
2022230
2022032
2022203
2022023
2021330
2020430
2020340
2020331
2020322
2021303
2020403
2020313
2020304
2020232
2020223
2021033
2020133
2020043
2020034
2013320
2013302
2013230
2013032
2013203
2013023
2012330
2010332
2012303
2010323
2012033
2010233
2004320
2004302
2004230
2004032
2004203
2004023
2003420
2003402
2003321
2003312
2003240
2003231
2003222
2003213
2003204
2003132
2003123
2003042
2003024
2002430
2002340
2002331
2002322
2002403
2002313
2002304
2002232
2002223
2002133
2002043
2002034
2001332
2001323
2001233
2000432
2000423
2000342
2000324
2000243
2000234
1433000
1343000
1334000
1333100
1333010
1333001
1332200
1332020
1332002
1430300
1340300
1331300
1330400
1330310
1330301
1330220
1330202
1430030
1340030
1331030
1330130
1330040
1330031
1330022
1430003
1340003
1331003
1330103
1330013
1330004
1323200
1323020
1323002
1322300
1320320
1320302
1322030
1320230
1320032
1322003
1320203
1320023
1403300
1313300
1304300
1303400
1303310
1303301
1303220
1303202
1403030
1313030
1304030
1303130
1303040
1303031
1303022
1403003
1313003
1304003
1303103
1303013
1303004
1302320
1302302
1302230
1302032
1302203
1302023
1400330
1310330
1301330
1300430
1300340
1300331
1300322
1400303
1310303
1301303
1300403
1300313
1300304
1300232
1300223
1400033
1310033
1301033
1300133
1300043
1300034
1233200
1233020
1233002
1232300
1230320
1230302
1232030
1230230
1230032
1232003
1230203
1230023
1223300
1203320
1203302
1223030
1203230
1203032
1223003
1203203
1203023
1220330
1202330
1200332
1220303
1202303
1200323
1220033
1202033
1200233
1133300
1043300
1034300
1033400
1033310
1033301
1033220
1033202
1133030
1043030
1034030
1033130
1033040
1033031
1033022
1133003
1043003
1034003
1033103
1033013
1033004
1032320
1032302
1032230
1032032
1032203
1032023
1130330
1040330
1031330
1030430
1030340
1030331
1030322
1130303
1040303
1031303
1030403
1030313
1030304
1030232
1030223
1130033
1040033
1031033
1030133
1030043
1030034
1023320
1023302
1023230
1023032
1023203
1023023
1022330
1020332
1022303
1020323
1022033
1020233
1103330
1013330
1004330
1003430
1003340
1003331
1003322
1103303
1013303
1004303
1003403
1003313
1003304
1003232
1003223
1103033
1013033
1004033
1003133
1003043
1003034
1002332
1002323
1002233
1100333
1010333
1001333
1000433
1000343
1000334
443000
434000
433100
433010
433001
432200
432020
432002
440300
431300
430400
430310
430301
430220
430202
440030
431030
430130
430040
430031
430022
440003
431003
430103
430013
430004
423200
423020
423002
422300
420320
420302
422030
420230
420032
422003
420203
420023
413300
404300
403400
403310
403301
403220
403202
413030
404030
403130
403040
403031
403022
413003
404003
403103
403013
403004
402320
402302
402230
402032
402203
402023
410330
401330
400430
400340
400331
400322
410303
401303
400403
400313
400304
400232
400223
410033
401033
400133
400043
400034
344000
343100
343010
343001
342200
342020
342002
341300
340400
340310
340301
340220
340202
341030
340130
340040
340031
340022
341003
340103
340013
340004
334100
334010
334001
333110
333101
333011
332210
332201
332120
332102
332021
332012
331400
331310
331301
331220
331202
331130
331040
331031
331022
331103
331013
331004
330410
330401
330311
330221
330212
330140
330131
330122
330113
330104
330041
330014
324200
324020
324002
323210
323201
323120
323102
323021
323012
322400
322310
322301
322220
322202
322130
322040
322031
322022
322103
322013
322004
321320
321302
321230
321032
321203
321023
320420
320402
320321
320312
320240
320231
320222
320213
320204
320132
320123
320042
320024
314300
313400
313310
313301
313220
313202
314030
313130
313040
313031
313022
314003
313103
313013
313004
312320
312302
312230
312032
312203
312023
311330
310430
310340
310331
310322
311303
310403
310313
310304
310232
310223
311033
310133
310043
310034
304400
304310
304301
304220
304202
304130
304040
304031
304022
304103
304013
304004
303410
303401
303311
303221
303212
303140
303131
303122
303113
303104
303041
303014
302420
302402
302321
302312
302240
302231
302222
302213
302204
302132
302123
302042
302024
301430
301340
301331
301322
301403
301313
301304
301232
301223
301133
301043
301034
300440
300431
300422
300413
300404
300341
300314
300242
300224
300143
300134
300044
243200
243020
243002
242300
240320
240302
242030
240230
240032
242003
240203
240023
234200
234020
234002
233210
233201
233120
233102
233021
233012
232400
232310
232301
232220
232202
232130
232040
232031
232022
232103
232013
232004
231320
231302
231230
231032
231203
231023
230420
230402
230321
230312
230240
230231
230222
230213
230204
230132
230123
230042
230024
224300
223400
223310
223301
223220
223202
224030
223130
223040
223031
223022
224003
223103
223013
223004
222320
222302
222230
222032
222203
222023
221330
220430
220340
220331
220322
221303
220403
220313
220304
220232
220223
221033
220133
220043
220034
213320
213302
213230
213032
213203
213023
212330
210332
212303
210323
212033
210233
204320
204302
204230
204032
204203
204023
203420
203402
203321
203312
203240
203231
203222
203213
203204
203132
203123
203042
203024
202430
202340
202331
202322
202403
202313
202304
202232
202223
202133
202043
202034
201332
201323
201233
200432
200423
200342
200324
200243
200234
143300
134300
133400
133310
133301
133220
133202
143030
134030
133130
133040
133031
133022
143003
134003
133103
133013
133004
132320
132302
132230
132032
132203
132023
140330
131330
130430
130340
130331
130322
140303
131303
130403
130313
130304
130232
130223
140033
131033
130133
130043
130034
123320
123302
123230
123032
123203
123023
122330
120332
122303
120323
122033
120233
113330
104330
103430
103340
103331
103322
113303
104303
103403
103313
103304
103232
103223
113033
104033
103133
103043
103034
102332
102323
102233
110333
101333
100433
100343
100334
44300
43400
43310
43301
43220
43202
44030
43130
43040
43031
43022
44003
43103
43013
43004
42320
42302
42230
42032
42203
42023
41330
40430
40340
40331
40322
41303
40403
40313
40304
40232
40223
41033
40133
40043
40034
34400
34310
34301
34220
34202
34130
34040
34031
34022
34103
34013
34004
33410
33401
33311
33221
33212
33140
33131
33122
33113
33104
33041
33014
32420
32402
32321
32312
32240
32231
32222
32213
32204
32132
32123
32042
32024
31430
31340
31331
31322
31403
31313
31304
31232
31223
31133
31043
31034
30440
30431
30422
30413
30404
30341
30314
30242
30224
30143
30134
30044
24320
24302
24230
24032
24203
24023
23420
23402
23321
23312
23240
23231
23222
23213
23204
23132
23123
23042
23024
22430
22340
22331
22322
22403
22313
22304
22232
22223
22133
22043
22034
21332
21323
21233
20432
20423
20342
20324
20243
20234
14330
13430
13340
13331
13322
14303
13403
13313
13304
13232
13223
14033
13133
13043
13034
12332
12323
12233
11333
10433
10343
10334
4430
4340
4331
4322
4403
4313
4304
4232
4223
4133
4043
4034
3440
3431
3422
3413
3404
3341
3314
3242
3224
3143
3134
3044
2432
2423
2342
2324
2243
2234
1433
1343
1334
443
434
344
