1111000
1110100
1110010
1110001
1101100
1101010
1101001
1100110
1100101
1100011
1011100
1011010
1011001
1010110
1010101
1010011
1001110
1001101
1001011
1000111
111100
111010
111001
110110
110101
110011
101110
101101
101011
100111
11110
11101
11011
10111
1111
4111000
4110100
4110010
4110001
4101100
4101010
4101001
4100110
4100101
4100011
4011100
4011010
4011001
4010110
4010101
4010011
4001110
4001101
4001011
4000111
3111100
3111010
3111001
3110110
3110101
3110011
3101110
3101101
3101011
3100111
3011110
3011101
3011011
3010111
3001111
2211100
2211010
2211001
2210110
2210101
2210011
2201110
2201101
2201011
2200111
2121100
2121010
2121001
2120110
2120101
2120011
2112100
2112010
2112001
2111200
2111020
2111002
2110210
2110201
2110120
2110102
2110021
2110012
2102110
2102101
2102011
2101210
2101201
2101120
2101102
2101021
2101012
2100211
2100121
2100112
2021110
2021101
2021011
2020111
2012110
2012101
2012011
2011210
2011201
2011120
2011102
2011021
2011012
2010211
2010121
2010112
2002111
2001211
2001121
2001112
1411000
1410100
1410010
1410001
1401100
1401010
1401001
1400110
1400101
1400011
1311100
1311010
1311001
1310110
1310101
1310011
1301110
1301101
1301011
1300111
1221100
1221010
1221001
1220110
1220101
1220011
1212100
1212010
1212001
1211200
1211020
1211002
1210210
1210201
1210120
1210102
1210021
1210012
1202110
1202101
1202011
1201210
1201201
1201120
1201102
1201021
1201012
1200211
1200121
1200112
1141000
1140100
1140010
1140001
1131100
1131010
1131001
1130110
1130101
1130011
1122100
1122010
1122001
1121200
1121020
1121002
1120210
1120201
1120120
1120102
1120021
1120012
1114000
1113100
1113010
1113001
1112200
1112020
1112002
1111300
1110400
1110310
1110301
1110220
1110202
1111030
1110130
1110040
1110031
1110022
1111003
1110103
1110013
1110004
1104100
1104010
1104001
1103110
1103101
1103011
1102210
1102201
1102120
1102102
1102021
1102012
1101400
1101310
1101301
1101220
1101202
1101130
1101040
1101031
1101022
1101103
1101013
1101004
1100410
1100401
1100311
1100221
1100212
1100140
1100131
1100122
1100113
1100104
1100041
1100014
1041100
1041010
1041001
1040110
1040101
1040011
1031110
1031101
1031011
1030111
1022110
1022101
1022011
1021210
1021201
1021120
1021102
1021021
1021012
1020211
1020121
1020112
1014100
1014010
1014001
1013110
1013101
1013011
1012210
1012201
1012120
1012102
1012021
1012012
1011400
1011310
1011301
1011220
1011202
1011130
1011040
1011031
1011022
1011103
1011013
1011004
1010410
1010401
1010311
1010221
1010212
1010140
1010131
1010122
1010113
1010104
1010041
1010014
1004110
1004101
1004011
1003111
1002211
1002121
1002112
1001410
1001401
1001311
1001221
1001212
1001140
1001131
1001122
1001113
1001104
1001041
1001014
1000411
1000141
1000114
411100
411010
411001
410110
410101
410011
401110
401101
401011
400111
311110
311101
311011
310111
301111
221110
221101
221011
220111
212110
212101
212011
211210
211201
211120
211102
211021
211012
210211
210121
210112
202111
201211
201121
201112
141100
141010
141001
140110
140101
140011
131110
131101
131011
130111
122110
122101
122011
121210
121201
121120
121102
121021
121012
120211
120121
120112
114100
114010
114001
113110
113101
113011
112210
112201
112120
112102
112021
112012
111400
111310
111301
111220
111202
111130
111040
111031
111022
111103
111013
111004
110410
110401
110311
110221
110212
110140
110131
110122
110113
110104
110041
110014
104110
104101
104011
103111
102211
102121
102112
101410
101401
101311
101221
101212
101140
101131
101122
101113
101104
101041
101014
100411
100141
100114
41110
41101
41011
40111
31111
22111
21211
21121
21112
14110
14101
14011
13111
12211
12121
12112
11410
11401
11311
11221
11212
11140
11131
11122
11113
11104
11041
11014
10411
10141
10114
4111
1411
1141
1114
