1000000
100000
10000
1000
100
10
1
4000000
3100000
3010000
3001000
3000100
3000010
3000001
2200000
2020000
2002000
2000200
2000020
2000002
1300000
1030000
1003000
1000300
1000030
1000003
400000
310000
301000
300100
300010
300001
220000
202000
200200
200020
200002
130000
103000
100300
100030
100003
40000
31000
30100
30010
30001
22000
20200
20020
20002
13000
10300
10030
10003
4000
3100
3010
3001
2200
2020
2002
1300
1030
1003
400
310
301
220
202
130
103
40
31
22
13
4
4300000
4030000
4003000
4000300
4000030
4000003
3400000
3310000
3301000
3300100
3300010
3300001
3220000
3202000
3200200
3200020
3200002
3130000
3103000
3100300
3100030
3100003
3040000
3031000
3030100
3030010
3030001
3022000
3020200
3020020
3020002
3013000
3010300
3010030
3010003
3004000
3003100
3003010
3003001
3002200
3002020
3002002
3001300
3001030
3001003
3000400
3000310
3000301
3000220
3000202
3000130
3000103
3000040
3000031
3000022
3000013
3000004
2320000
2302000
2300200
2300020
2300002
2230000
2203000
2200300
2200030
2200003
2032000
2030200
2030020
2030002
2023000
2020300
2020030
2020003
2003200
2003020
2003002
2002300
2002030
2002003
2000320
2000302
2000230
2000203
2000032
2000023
1330000
1303000
1300300
1300030
1300003
1033000
1030300
1030030
1030003
1003300
1003030
1003003
1000330
1000303
1000033
430000
403000
400300
400030
400003
340000
331000
330100
330010
330001
322000
320200
320020
320002
313000
310300
310030
310003
304000
303100
303010
303001
302200
302020
302002
301300
301030
301003
300400
300310
300301
300220
300202
300130
300103
300040
300031
300022
300013
300004
232000
230200
230020
230002
223000
220300
220030
220003
203200
203020
203002
202300
202030
202003
200320
200302
200230
200203
200032
200023
133000
130300
130030
130003
103300
103030
103003
100330
100303
100033
43000
40300
40030
40003
34000
33100
33010
33001
32200
32020
32002
31300
31030
31003
30400
30310
30301
30220
30202
30130
30103
30040
30031
30022
30013
30004
23200
23020
23002
22300
22030
22003
20320
20302
20230
20203
20032
20023
13300
13030
13003
10330
10303
10033
4300
4030
4003
3400
3310
3301
3220
3202
3130
3103
3040
3031
3022
3013
3004
2320
2302
2230
2203
2032
2023
1330
1303
1033
430
403
340
331
322
313
304
232
223
133
43
34
4330000
4303000
4300300
4300030
4300003
4033000
4030300
4030030
4030003
4003300
4003030
4003003
4000330
4000303
4000033
3430000
3403000
3400300
3400030
3400003
3340000
3331000
3330100
3330010
3330001
3322000
3320200
3320020
3320002
3313000
3310300
3310030
3310003
3304000
3303100
3303010
3303001
3302200
3302020
3302002
3301300
3301030
3301003
3300400
3300310
3300301
3300220
3300202
3300130
3300103
3300040
3300031
3300022
3300013
3300004
3232000
3230200
3230020
3230002
3223000
3220300
3220030
3220003
3203200
3203020
3203002
3202300
3202030
3202003
3200320
3200302
3200230
3200203
3200032
3200023
3133000
3130300
3130030
3130003
3103300
3103030
3103003
3100330
3100303
3100033
3043000
3040300
3040030
3040003
3034000
3033100
3033010
3033001
3032200
3032020
3032002
3031300
3031030
3031003
3030400
3030310
3030301
3030220
3030202
3030130
3030103
3030040
3030031
3030022
3030013
3030004
3023200
3023020
3023002
3022300
3022030
3022003
3020320
3020302
3020230
3020203
3020032
3020023
3013300
3013030
3013003
3010330
3010303
3010033
3004300
3004030
3004003
3003400
3003310
3003301
3003220
3003202
3003130
3003103
3003040
3003031
3003022
3003013
3003004
3002320
3002302
3002230
3002203
3002032
3002023
3001330
3001303
3001033
3000430
3000403
3000340
3000331
3000322
3000313
3000304
3000232
3000223
3000133
3000043
3000034
2332000
2330200
2330020
2330002
2323000
2320300
2320030
2320003
2303200
2303020
2303002
2302300
2302030
2302003
2300320
2300302
2300230
2300203
2300032
2300023
2233000
2230300
2230030
2230003
2203300
2203030
2203003
2200330
2200303
2200033
2033200
2033020
2033002
2032300
2032030
2032003
2030320
2030302
2030230
2030203
2030032
2030023
2023300
2023030
2023003
2020330
2020303
2020033
2003320
2003302
2003230
2003203
2003032
2003023
2002330
2002303
2002033
2000332
2000323
2000233
1333000
1330300
1330030
1330003
1303300
1303030
1303003
1300330
1300303
1300033
1033300
1033030
1033003
1030330
1030303
1030033
1003330
1003303
1003033
1000333
433000
430300
430030
430003
403300
403030
403003
400330
400303
400033
343000
340300
340030
340003
334000
333100
333010
333001
332200
332020
332002
331300
331030
331003
330400
330310
330301
330220
330202
330130
330103
330040
330031
330022
330013
330004
323200
323020
323002
322300
322030
322003
320320
320302
320230
320203
320032
320023
313300
313030
313003
310330
310303
310033
304300
304030
304003
303400
303310
303301
303220
303202
303130
303103
303040
303031
303022
303013
303004
302320
302302
302230
302203
302032
302023
301330
301303
301033
300430
300403
300340
300331
300322
300313
300304
300232
300223
300133
300043
300034
233200
233020
233002
232300
232030
232003
230320
230302
230230
230203
230032
230023
223300
223030
223003
220330
220303
220033
203320
203302
203230
203203
203032
203023
202330
202303
202033
200332
200323
200233
133300
133030
133003
130330
130303
130033
103330
103303
103033
100333
43300
43030
43003
40330
40303
40033
34300
34030
34003
33400
33310
33301
33220
33202
33130
33103
33040
33031
33022
33013
33004
32320
32302
32230
32203
32032
32023
31330
31303
31033
30430
30403
30340
30331
30322
30313
30304
30232
30223
30133
30043
30034
23320
23302
23230
23203
23032
23023
22330
22303
22033
20332
20323
20233
13330
13303
13033
10333
4330
4303
4033
3430
3403
3340
3331
3322
3313
3304
3232
3223
3133
3043
3034
2332
2323
2233
1333
433
343
334
