3000000
2100000
2010000
2001000
2000100
2000010
2000001
1200000
1020000
1002000
1000200
1000020
1000002
300000
210000
201000
200100
200010
200001
120000
102000
100200
100020
100002
30000
21000
20100
20010
20001
12000
10200
10020
10002
3000
2100
2010
2001
1200
1020
1002
300
210
201
120
102
30
21
12
3
4200000
4020000
4002000
4000200
4000020
4000002
3300000
3210000
3201000
3200100
3200010
3200001
3120000
3102000
3100200
3100020
3100002
3030000
3021000
3020100
3020010
3020001
3012000
3010200
3010020
3010002
3003000
3002100
3002010
3002001
3001200
3001020
3001002
3000300
3000210
3000201
3000120
3000102
3000030
3000021
3000012
3000003
2400000
2310000
2301000
2300100
2300010
2300001
2220000
2202000
2200200
2200020
2200002
2130000
2040000
2031000
2030100
2030010
2030001
2022000
2020200
2020020
2020002
2103000
2013000
2004000
2003100
2003010
2003001
2002200
2002020
2002002
2100300
2010300
2001300
2000400
2000310
2000301
2000220
2000202
2100030
2010030
2001030
2000130
2000040
2000031
2000022
2100003
2010003
2001003
2000103
2000013
2000004
1320000
1302000
1300200
1300020
1300002
1230000
1032000
1030200
1030020
1030002
1203000
1023000
1003200
1003020
1003002
1200300
1020300
1002300
1000320
1000302
1200030
1020030
1002030
1000230
1000032
1200003
1020003
1002003
1000203
1000023
420000
402000
400200
400020
400002
330000
321000
320100
320010
320001
312000
310200
310020
310002
303000
302100
302010
302001
301200
301020
301002
300300
300210
300201
300120
300102
300030
300021
300012
300003
240000
231000
230100
230010
230001
222000
220200
220020
220002
213000
204000
203100
203010
203001
202200
202020
202002
210300
201300
200400
200310
200301
200220
200202
210030
201030
200130
200040
200031
200022
210003
201003
200103
200013
200004
132000
130200
130020
130002
123000
103200
103020
103002
120300
102300
100320
100302
120030
102030
100230
100032
120003
102003
100203
100023
42000
40200
40020
40002
33000
32100
32010
32001
31200
31020
31002
30300
30210
30201
30120
30102
30030
30021
30012
30003
24000
23100
23010
23001
22200
22020
22002
21300
20400
20310
20301
20220
20202
21030
20130
20040
20031
20022
21003
20103
20013
20004
13200
13020
13002
12300
10320
10302
12030
10230
10032
12003
10203
10023
4200
4020
4002
3300
3210
3201
3120
3102
3030
3021
3012
3003
2400
2310
2301
2220
2202
2130
2040
2031
2022
2103
2013
2004
1320
1302
1230
1032
1203
1023
420
402
330
321
312
303
240
231
222
213
204
132
123
42
33
24
4320000
4302000
4300200
4300020
4300002
4230000
4032000
4030200
4030020
4030002
4203000
4023000
4003200
4003020
4003002
4200300
4020300
4002300
4000320
4000302
4200030
4020030
4002030
4000230
4000032
4200003
4020003
4002003
4000203
4000023
3420000
3402000
3400200
3400020
3400002
3330000
3321000
3320100
3320010
3320001
3312000
3310200
3310020
3310002
3303000
3302100
3302010
3302001
3301200
3301020
3301002
3300300
3300210
3300201
3300120
3300102
3300030
3300021
3300012
3300003
3240000
3231000
3230100
3230010
3230001
3222000
3220200
3220020
3220002
3213000
3204000
3203100
3203010
3203001
3202200
3202020
3202002
3210300
3201300
3200400
3200310
3200301
3200220
3200202
3210030
3201030
3200130
3200040
3200031
3200022
3210003
3201003
3200103
3200013
3200004
3132000
3130200
3130020
3130002
3123000
3103200
3103020
3103002
3120300
3102300
3100320
3100302
3120030
3102030
3100230
3100032
3120003
3102003
3100203
3100023
3042000
3040200
3040020
3040002
3033000
3032100
3032010
3032001
3031200
3031020
3031002
3030300
3030210
3030201
3030120
3030102
3030030
3030021
3030012
3030003
3024000
3023100
3023010
3023001
3022200
3022020
3022002
3021300
3020400
3020310
3020301
3020220
3020202
3021030
3020130
3020040
3020031
3020022
3021003
3020103
3020013
3020004
3013200
3013020
3013002
3012300
3010320
3010302
3012030
3010230
3010032
3012003
3010203
3010023
3004200
3004020
3004002
3003300
3003210
3003201
3003120
3003102
3003030
3003021
3003012
3003003
3002400
3002310
3002301
3002220
3002202
3002130
3002040
3002031
3002022
3002103
3002013
3002004
3001320
3001302
3001230
3001032
3001203
3001023
3000420
3000402
3000330
3000321
3000312
3000303
3000240
3000231
3000222
3000213
3000204
3000132
3000123
3000042
3000033
3000024
2430000
2340000
2331000
2330100
2330010
2330001
2322000
2320200
2320020
2320002
2403000
2313000
2304000
2303100
2303010
2303001
2302200
2302020
2302002
2400300
2310300
2301300
2300400
2300310
2300301
2300220
2300202
2400030
2310030
2301030
2300130
2300040
2300031
2300022
2400003
2310003
2301003
2300103
2300013
2300004
2232000
2230200
2230020
2230002
2223000
2203200
2203020
2203002
2220300
2202300
2200320
2200302
2220030
2202030
2200230
2200032
2220003
2202003
2200203
2200023
2133000
2043000
2034000
2033100
2033010
2033001
2032200
2032020
2032002
2130300
2040300
2031300
2030400
2030310
2030301
2030220
2030202
2130030
2040030
2031030
2030130
2030040
2030031
2030022
2130003
2040003
2031003
2030103
2030013
2030004
2023200
2023020
2023002
2022300
2020320
2020302
2022030
2020230
2020032
2022003
2020203
2020023
2103300
2013300
2004300
2003400
2003310
2003301
2003220
2003202
2103030
2013030
2004030
2003130
2003040
2003031
2003022
2103003
2013003
2004003
2003103
2003013
2003004
2002320
2002302
2002230
2002032
2002203
2002023
2100330
2010330
2001330
2000430
2000340
2000331
2000322
2100303
2010303
2001303
2000403
2000313
2000304
2000232
2000223
2100033
2010033
2001033
2000133
2000043
2000034
1332000
1330200
1330020
1330002
1323000
1303200
1303020
1303002
1320300
1302300
1300320
1300302
1320030
1302030
1300230
1300032
1320003
1302003
1300203
1300023
1233000
1033200
1033020
1033002
1230300
1032300
1030320
1030302
1230030
1032030
1030230
1030032
1230003
1032003
1030203
1030023
1203300
1023300
1003320
1003302
1203030
1023030
1003230
1003032
1203003
1023003
1003203
1003023
1200330
1020330
1002330
1000332
1200303
1020303
1002303
1000323
1200033
1020033
1002033
1000233
432000
430200
430020
430002
423000
403200
403020
403002
420300
402300
400320
400302
420030
402030
400230
400032
420003
402003
400203
400023
342000
340200
340020
340002
333000
332100
332010
332001
331200
331020
331002
330300
330210
330201
330120
330102
330030
330021
330012
330003
324000
323100
323010
323001
322200
322020
322002
321300
320400
320310
320301
320220
320202
321030
320130
320040
320031
320022
321003
320103
320013
320004
313200
313020
313002
312300
310320
310302
312030
310230
310032
312003
310203
310023
304200
304020
304002
303300
303210
303201
303120
303102
303030
303021
303012
303003
302400
302310
302301
302220
302202
302130
302040
302031
302022
302103
302013
302004
301320
301302
301230
301032
301203
301023
300420
300402
300330
300321
300312
300303
300240
300231
300222
300213
300204
300132
300123
300042
300033
300024
243000
234000
233100
233010
233001
232200
232020
232002
240300
231300
230400
230310
230301
230220
230202
240030
231030
230130
230040
230031
230022
240003
231003
230103
230013
230004
223200
223020
223002
222300
220320
220302
222030
220230
220032
222003
220203
220023
213300
204300
203400
203310
203301
203220
203202
213030
204030
203130
203040
203031
203022
213003
204003
203103
203013
203004
202320
202302
202230
202032
202203
202023
210330
201330
200430
200340
200331
200322
210303
201303
200403
200313
200304
200232
200223
210033
201033
200133
200043
200034
133200
133020
133002
132300
130320
130302
132030
130230
130032
132003
130203
130023
123300
103320
103302
123030
103230
103032
123003
103203
103023
120330
102330
100332
120303
102303
100323
120033
102033
100233
43200
43020
43002
42300
40320
40302
42030
40230
40032
42003
40203
40023
34200
34020
34002
33300
33210
33201
33120
33102
33030
33021
33012
33003
32400
32310
32301
32220
32202
32130
32040
32031
32022
32103
32013
32004
31320
31302
31230
31032
31203
31023
30420
30402
30330
30321
30312
30303
30240
30231
30222
30213
30204
30132
30123
30042
30033
30024
24300
23400
23310
23301
23220
23202
24030
23130
23040
23031
23022
24003
23103
23013
23004
22320
22302
22230
22032
22203
22023
21330
20430
20340
20331
20322
21303
20403
20313
20304
20232
20223
21033
20133
20043
20034
13320
13302
13230
13032
13203
13023
12330
10332
12303
10323
12033
10233
4320
4302
4230
4032
4203
4023
3420
3402
3330
3321
3312
3303
3240
3231
3222
3213
3204
3132
3123
3042
3033
3024
2430
2340
2331
2322
2403
2313
2304
2232
2223
2133
2043
2034
1332
1323
1233
432
423
342
333
324
243
234
4332000
4330200
4330020
4330002
4323000
4303200
4303020
4303002
4320300
4302300
4300320
4300302
4320030
4302030
4300230
4300032
4320003
4302003
4300203
4300023
4233000
4033200
4033020
4033002
4230300
4032300
4030320
4030302
4230030
4032030
4030230
4030032
4230003
4032003
4030203
4030023
4203300
4023300
4003320
4003302
4203030
4023030
4003230
4003032
4203003
4023003
4003203
4003023
4200330
4020330
4002330
4000332
4200303
4020303
4002303
4000323
4200033
4020033
4002033
4000233
3432000
3430200
3430020
3430002
3423000
3403200
3403020
3403002
3420300
3402300
3400320
3400302
3420030
3402030
3400230
3400032
3420003
3402003
3400203
3400023
3342000
3340200
3340020
3340002
3333000
3332100
3332010
3332001
3331200
3331020
3331002
3330300
3330210
3330201
3330120
3330102
3330030
3330021
3330012
3330003
3324000
3323100
3323010
3323001
3322200
3322020
3322002
3321300
3320400
3320310
3320301
3320220
3320202
3321030
3320130
3320040
3320031
3320022
3321003
3320103
3320013
3320004
3313200
3313020
3313002
3312300
3310320
3310302
3312030
3310230
3310032
3312003
3310203
3310023
3304200
3304020
3304002
3303300
3303210
3303201
3303120
3303102
3303030
3303021
3303012
3303003
3302400
3302310
3302301
3302220
3302202
3302130
3302040
3302031
3302022
3302103
3302013
3302004
3301320
3301302
3301230
3301032
3301203
3301023
3300420
3300402
3300330
3300321
3300312
3300303
3300240
3300231
3300222
3300213
3300204
3300132
3300123
3300042
3300033
3300024
3243000
3234000
3233100
3233010
3233001
3232200
3232020
3232002
3240300
3231300
3230400
3230310
3230301
3230220
3230202
3240030
3231030
3230130
3230040
3230031
3230022
3240003
3231003
3230103
3230013
3230004
3223200
3223020
3223002
3222300
3220320
3220302
3222030
3220230
3220032
3222003
3220203
3220023
3213300
3204300
3203400
3203310
3203301
3203220
3203202
3213030
3204030
3203130
3203040
3203031
3203022
3213003
3204003
3203103
3203013
3203004
3202320
3202302
3202230
3202032
3202203
3202023
3210330
3201330
3200430
3200340
3200331
3200322
3210303
3201303
3200403
3200313
3200304
3200232
3200223
3210033
3201033
3200133
3200043
3200034
3133200
3133020
3133002
3132300
3130320
3130302
3132030
3130230
3130032
3132003
3130203
3130023
3123300
3103320
3103302
3123030
3103230
3103032
3123003
3103203
3103023
3120330
3102330
3100332
3120303
3102303
3100323
3120033
3102033
3100233
3043200
3043020
3043002
3042300
3040320
3040302
3042030
3040230
3040032
3042003
3040203
3040023
3034200
3034020
3034002
3033300
3033210
3033201
3033120
3033102
3033030
3033021
3033012
3033003
3032400
3032310
3032301
3032220
3032202
3032130
3032040
3032031
3032022
3032103
3032013
3032004
3031320
3031302
3031230
3031032
3031203
3031023
3030420
3030402
3030330
3030321
3030312
3030303
3030240
3030231
3030222
3030213
3030204
3030132
3030123
3030042
3030033
3030024
3024300
3023400
3023310
3023301
3023220
3023202
3024030
3023130
3023040
3023031
3023022
3024003
3023103
3023013
3023004
3022320
3022302
3022230
3022032
3022203
3022023
3021330
3020430
3020340
3020331
3020322
3021303
3020403
3020313
3020304
3020232
3020223
3021033
3020133
3020043
3020034
3013320
3013302
3013230
3013032
3013203
3013023
3012330
3010332
3012303
3010323
3012033
3010233
3004320
3004302
3004230
3004032
3004203
3004023
3003420
3003402
3003330
3003321
3003312
3003303
3003240
3003231
3003222
3003213
3003204
3003132
3003123
3003042
3003033
3003024
3002430
3002340
3002331
3002322
3002403
3002313
3002304
3002232
3002223
3002133
3002043
3002034
3001332
3001323
3001233
3000432
3000423
3000342
3000333
3000324
3000243
3000234
2433000
2343000
2334000
2333100
2333010
2333001
2332200
2332020
2332002
2430300
2340300
2331300
2330400
2330310
2330301
2330220
2330202
2430030
2340030
2331030
2330130
2330040
2330031
2330022
2430003
2340003
2331003
2330103
2330013
2330004
2323200
2323020
2323002
2322300
2320320
2320302
2322030
2320230
2320032
2322003
2320203
2320023
2403300
2313300
2304300
2303400
2303310
2303301
2303220
2303202
2403030
2313030
2304030
2303130
2303040
2303031
2303022
2403003
2313003
2304003
2303103
2303013
2303004
2302320
2302302
2302230
2302032
2302203
2302023
2400330
2310330
2301330
2300430
2300340
2300331
2300322
2400303
2310303
2301303
2300403
2300313
2300304
2300232
2300223
2400033
2310033
2301033
2300133
2300043
2300034
2233200
2233020
2233002
2232300
2230320
2230302
2232030
2230230
2230032
2232003
2230203
2230023
2223300
2203320
2203302
2223030
2203230
2203032
2223003
2203203
2203023
2220330
2202330
2200332
2220303
2202303
2200323
2220033
2202033
2200233
2133300
2043300
2034300
2033400
2033310
2033301
2033220
2033202
2133030
2043030
2034030
2033130
2033040
2033031
2033022
2133003
2043003
2034003
2033103
2033013
2033004
2032320
2032302
2032230
2032032
2032203
2032023
2130330
2040330
2031330
2030430
2030340
2030331
2030322
2130303
2040303
2031303
2030403
2030313
2030304
2030232
2030223
2130033
2040033
2031033
2030133
2030043
2030034
2023320
2023302
2023230
2023032
2023203
2023023
2022330
2020332
2022303
2020323
2022033
2020233
2103330
2013330
2004330
2003430
2003340
2003331
2003322
2103303
2013303
2004303
2003403
2003313
2003304
2003232
2003223
2103033
2013033
2004033
2003133
2003043
2003034
2002332
2002323
2002233
2100333
2010333
2001333
2000433
2000343
2000334
1333200
1333020
1333002
1332300
1330320
1330302
1332030
1330230
1330032
1332003
1330203
1330023
1323300
1303320
1303302
1323030
1303230
1303032
1323003
1303203
1303023
1320330
1302330
1300332
1320303
1302303
1300323
1320033
1302033
1300233
1233300
1033320
1033302
1233030
1033230
1033032
1233003
1033203
1033023
1230330
1032330
1030332
1230303
1032303
1030323
1230033
1032033
1030233
1203330
1023330
1003332
1203303
1023303
1003323
1203033
1023033
1003233
1200333
1020333
1002333
433200
433020
433002
432300
430320
430302
432030
430230
430032
432003
430203
430023
423300
403320
403302
423030
403230
403032
423003
403203
403023
420330
402330
400332
420303
402303
400323
420033
402033
400233
343200
343020
343002
342300
340320
340302
342030
340230
340032
342003
340203
340023
334200
334020
334002
333300
333210
333201
333120
333102
333030
333021
333012
333003
332400
332310
332301
332220
332202
332130
332040
332031
332022
332103
332013
332004
331320
331302
331230
331032
331203
331023
330420
330402
330330
330321
330312
330303
330240
330231
330222
330213
330204
330132
330123
330042
330033
330024
324300
323400
323310
323301
323220
323202
324030
323130
323040
323031
323022
324003
323103
323013
323004
322320
322302
322230
322032
322203
322023
321330
320430
320340
320331
320322
321303
320403
320313
320304
320232
320223
321033
320133
320043
320034
313320
313302
313230
313032
313203
313023
312330
310332
312303
310323
312033
310233
304320
304302
304230
304032
304203
304023
303420
303402
303330
303321
303312
303303
303240
303231
303222
303213
303204
303132
303123
303042
303033
303024
302430
302340
302331
302322
302403
302313
302304
302232
302223
302133
302043
302034
301332
301323
301233
300432
300423
300342
300333
300324
300243
300234
243300
234300
233400
233310
233301
233220
233202
243030
234030
233130
233040
233031
233022
243003
234003
233103
233013
233004
232320
232302
232230
232032
232203
232023
240330
231330
230430
230340
230331
230322
240303
231303
230403
230313
230304
230232
230223
240033
231033
230133
230043
230034
223320
223302
223230
223032
223203
223023
222330
220332
222303
220323
222033
220233
213330
204330
203430
203340
203331
203322
213303
204303
203403
203313
203304
203232
203223
213033
204033
203133
203043
203034
202332
202323
202233
210333
201333
200433
200343
200334
133320
133302
133230
133032
133203
133023
132330
130332
132303
130323
132033
130233
123330
103332
123303
103323
123033
103233
120333
102333
43320
43302
43230
43032
43203
43023
42330
40332
42303
40323
42033
40233
34320
34302
34230
34032
34203
34023
33420
33402
33330
33321
33312
33303
33240
33231
33222
33213
33204
33132
33123
33042
33033
33024
32430
32340
32331
32322
32403
32313
32304
32232
32223
32133
32043
32034
31332
31323
31233
30432
30423
30342
30333
30324
30243
30234
24330
23430
23340
23331
23322
24303
23403
23313
23304
23232
23223
24033
23133
23043
23034
22332
22323
22233
21333
20433
20343
20334
13332
13323
13233
12333
4332
4323
4233
3432
3423
3342
3333
3324
3243
3234
2433
2343
2334
