2110000
2101000
2100100
2100010
2100001
2011000
2010100
2010010
2010001
2001100
2001010
2001001
2000110
2000101
2000011
1210000
1201000
1200100
1200010
1200001
1120000
1110000
1102000
1101000
1100200
1100100
1100020
1100010
1100002
1100001
1021000
1020100
1020010
1020001
1012000
1011000
1010200
1010100
1010020
1010010
1010002
1010001
1002100
1002010
1002001
1001200
1001100
1001020
1001010
1001002
1001001
1000210
1000201
1000120
1000110
1000102
1000101
1000021
1000012
1000011
211000
210100
210010
210001
201100
201010
201001
200110
200101
200011
121000
120100
120010
120001
112000
111000
110200
110100
110020
110010
110002
110001
102100
102010
102001
101200
101100
101020
101010
101002
101001
100210
100201
100120
100110
100102
100101
100021
100012
100011
21100
21010
21001
20110
20101
20011
12100
12010
12001
11200
11100
11020
11010
11002
11001
10210
10201
10120
10110
10102
10101
10021
10012
10011
2110
2101
2011
1210
1201
1120
1110
1102
1101
1021
1012
1011
211
121
112
111
4210000
4201000
4200100
4200010
4200001
4120000
4110000
4102000
4101000
4100200
4100100
4100020
4100010
4100002
4100001
4021000
4020100
4020010
4020001
4012000
4011000
4010200
4010100
4010020
4010010
4010002
4010001
4002100
4002010
4002001
4001200
4001100
4001020
4001010
4001002
4001001
4000210
4000201
4000120
4000110
4000102
4000101
4000021
4000012
4000011
3211000
3210100
3210010
3210001
3201100
3201010
3201001
3200110
3200101
3200011
3121000
3120100
3120010
3120001
3112000
3111000
3110200
3110100
3110020
3110010
3110002
3110001
3102100
3102010
3102001
3101200
3101100
3101020
3101010
3101002
3101001
3100210
3100201
3100120
3100110
3100102
3100101
3100021
3100012
3100011
3021100
3021010
3021001
3020110
3020101
3020011
3012100
3012010
3012001
3011200
3011100
3011020
3011010
3011002
3011001
3010210
3010201
3010120
3010110
3010102
3010101
3010021
3010012
3010011
3002110
3002101
3002011
3001210
3001201
3001120
3001110
3001102
3001101
3001021
3001012
3001011
3000211
3000121
3000112
3000111
2410000
2401000
2400100
2400010
2400001
2311000
2310100
2310010
2310001
2301100
2301010
2301001
2300110
2300101
2300011
2221000
2220100
2220010
2220001
2212000
2211000
2210200
2210100
2210020
2210010
2210002
2210001
2202100
2202010
2202001
2201200
2201100
2201020
2201010
2201002
2201001
2200210
2200201
2200120
2200110
2200102
2200101
2200021
2200012
2200011
2140000
2131000
2130100
2130010
2130001
2122000
2121000
2120200
2120100
2120020
2120010
2120002
2120001
2112000
2110200
2110020
2110002
2113000
2104000
2103100
2103010
2103001
2102200
2102100
2102020
2102010
2102002
2102001
2101200
2101020
2101002
2110300
2101300
2100400
2100310
2100301
2100220
2100210
2100202
2100201
2100120
2100102
2110030
2101030
2100130
2100040
2100031
2100022
2100021
2100012
2110003
2101003
2100103
2100013
2100004
2041000
2040100
2040010
2040001
2031100
2031010
2031001
2030110
2030101
2030011
2022100
2022010
2022001
2021200
2021100
2021020
2021010
2021002
2021001
2020210
2020201
2020120
2020110
2020102
2020101
2020021
2020012
2020011
2014000
2013100
2013010
2013001
2012200
2012100
2012020
2012010
2012002
2012001
2011200
2011020
2011002
2011300
2010400
2010310
2010301
2010220
2010210
2010202
2010201
2010120
2010102
2011030
2010130
2010040
2010031
2010022
2010021
2010012
2011003
2010103
2010013
2010004
2004100
2004010
2004001
2003110
2003101
2003011
2002210
2002201
2002120
2002110
2002102
2002101
2002021
2002012
2002011
2001400
2001310
2001301
2001220
2001210
2001202
2001201
2001120
2001102
2001130
2001040
2001031
2001022
2001021
2001012
2001103
2001013
2001004
2000410
2000401
2000311
2000221
2000212
2000211
2000140
2000131
2000122
2000121
2000112
2000113
2000104
2000041
2000014
1420000
1410000
1402000
1401000
1400200
1400100
1400020
1400010
1400002
1400001
1321000
1320100
1320010
1320001
1312000
1311000
1310200
1310100
1310020
1310010
1310002
1310001
1302100
1302010
1302001
1301200
1301100
1301020
1301010
1301002
1301001
1300210
1300201
1300120
1300110
1300102
1300101
1300021
1300012
1300011
1240000
1231000
1230100
1230010
1230001
1222000
1221000
1220200
1220100
1220020
1220010
1220002
1220001
1212000
1210200
1210020
1210002
1213000
1204000
1203100
1203010
1203001
1202200
1202100
1202020
1202010
1202002
1202001
1201200
1201020
1201002
1210300
1201300
1200400
1200310
1200301
1200220
1200210
1200202
1200201
1200120
1200102
1210030
1201030
1200130
1200040
1200031
1200022
1200021
1200012
1210003
1201003
1200103
1200013
1200004
1140000
1132000
1131000
1130200
1130100
1130020
1130010
1130002
1130001
1122000
1120200
1120020
1120002
1123000
1113000
1104000
1103200
1103100
1103020
1103010
1103002
1103001
1102200
1102020
1102002
1120300
1110300
1102300
1101300
1100400
1100320
1100310
1100302
1100301
1100220
1100202
1120030
1110030
1102030
1101030
1100230
1100130
1100040
1100032
1100031
1100022
1120003
1110003
1102003
1101003
1100203
1100103
1100023
1100013
1100004
1042000
1041000
1040200
1040100
1040020
1040010
1040002
1040001
1032100
1032010
1032001
1031200
1031100
1031020
1031010
1031002
1031001
1030210
1030201
1030120
1030110
1030102
1030101
1030021
1030012
1030011
1024000
1023100
1023010
1023001
1022200
1022100
1022020
1022010
1022002
1022001
1021200
1021020
1021002
1021300
1020400
1020310
1020301
1020220
1020210
1020202
1020201
1020120
1020102
1021030
1020130
1020040
1020031
1020022
1020021
1020012
1021003
1020103
1020013
1020004
1014000
1013200
1013100
1013020
1013010
1013002
1013001
1012200
1012020
1012002
1012300
1011300
1010400
1010320
1010310
1010302
1010301
1010220
1010202
1012030
1011030
1010230
1010130
1010040
1010032
1010031
1010022
1012003
1011003
1010203
1010103
1010023
1010013
1010004
1004200
1004100
1004020
1004010
1004002
1004001
1003210
1003201
1003120
1003110
1003102
1003101
1003021
1003012
1003011
1002400
1002310
1002301
1002220
1002210
1002202
1002201
1002120
1002102
1002130
1002040
1002031
1002022
1002021
1002012
1002103
1002013
1002004
1001400
1001320
1001310
1001302
1001301
1001220
1001202
1001230
1001130
1001040
1001032
1001031
1001022
1001203
1001103
1001023
1001013
1001004
1000420
1000410
1000402
1000401
1000321
1000312
1000311
1000240
1000231
1000222
1000221
1000212
1000213
1000204
1000140
1000132
1000131
1000122
1000123
1000113
1000104
1000042
1000041
1000024
1000014
421000
420100
420010
420001
412000
411000
410200
410100
410020
410010
410002
410001
402100
402010
402001
401200
401100
401020
401010
401002
401001
400210
400201
400120
400110
400102
400101
400021
400012
400011
321100
321010
321001
320110
320101
320011
312100
312010
312001
311200
311100
311020
311010
311002
311001
310210
310201
310120
310110
310102
310101
310021
310012
310011
302110
302101
302011
301210
301201
301120
301110
301102
301101
301021
301012
301011
300211
300121
300112
300111
241000
240100
240010
240001
231100
231010
231001
230110
230101
230011
222100
222010
222001
221200
221100
221020
221010
221002
221001
220210
220201
220120
220110
220102
220101
220021
220012
220011
214000
213100
213010
213001
212200
212100
212020
212010
212002
212001
211200
211020
211002
211300
210400
210310
210301
210220
210210
210202
210201
210120
210102
211030
210130
210040
210031
210022
210021
210012
211003
210103
210013
210004
204100
204010
204001
203110
203101
203011
202210
202201
202120
202110
202102
202101
202021
202012
202011
201400
201310
201301
201220
201210
201202
201201
201120
201102
201130
201040
201031
201022
201021
201012
201103
201013
201004
200410
200401
200311
200221
200212
200211
200140
200131
200122
200121
200112
200113
200104
200041
200014
142000
141000
140200
140100
140020
140010
140002
140001
132100
132010
132001
131200
131100
131020
131010
131002
131001
130210
130201
130120
130110
130102
130101
130021
130012
130011
124000
123100
123010
123001
122200
122100
122020
122010
122002
122001
121200
121020
121002
121300
120400
120310
120301
120220
120210
120202
120201
120120
120102
121030
120130
120040
120031
120022
120021
120012
121003
120103
120013
120004
114000
113200
113100
113020
113010
113002
113001
112200
112020
112002
112300
111300
110400
110320
110310
110302
110301
110220
110202
112030
111030
110230
110130
110040
110032
110031
110022
112003
111003
110203
110103
110023
110013
110004
104200
104100
104020
104010
104002
104001
103210
103201
103120
103110
103102
103101
103021
103012
103011
102400
102310
102301
102220
102210
102202
102201
102120
102102
102130
102040
102031
102022
102021
102012
102103
102013
102004
101400
101320
101310
101302
101301
101220
101202
101230
101130
101040
101032
101031
101022
101203
101103
101023
101013
101004
100420
100410
100402
100401
100321
100312
100311
100240
100231
100222
100221
100212
100213
100204
100140
100132
100131
100122
100123
100113
100104
100042
100041
100024
100014
42100
42010
42001
41200
41100
41020
41010
41002
41001
40210
40201
40120
40110
40102
40101
40021
40012
40011
32110
32101
32011
31210
31201
31120
31110
31102
31101
31021
31012
31011
30211
30121
30112
30111
24100
24010
24001
23110
23101
23011
22210
22201
22120
22110
22102
22101
22021
22012
22011
21400
21310
21301
21220
21210
21202
21201
21120
21102
21130
21040
21031
21022
21021
21012
21103
21013
21004
20410
20401
20311
20221
20212
20211
20140
20131
20122
20121
20112
20113
20104
20041
20014
14200
14100
14020
14010
14002
14001
13210
13201
13120
13110
13102
13101
13021
13012
13011
12400
12310
12301
12220
12210
12202
12201
12120
12102
12130
12040
12031
12022
12021
12012
12103
12013
12004
11400
11320
11310
11302
11301
11220
11202
11230
11130
11040
11032
11031
11022
11203
11103
11023
11013
11004
10420
10410
10402
10401
10321
10312
10311
10240
10231
10222
10221
10212
10213
10204
10140
10132
10131
10122
10123
10113
10104
10042
10041
10024
10014
4210
4201
4120
4110
4102
4101
4021
4012
4011
3211
3121
3112
3111
2410
2401
2311
2221
2212
2211
2140
2131
2122
2121
2112
2113
2104
2041
2014
1420
1410
1402
1401
1321
1312
1311
1240
1231
1222
1221
1212
1213
1204
1140
1132
1131
1122
1123
1113
1104
1042
1041
1024
1014
421
412
411
241
214
142
141
124
114
4420000
4410000
4402000
4401000
4400200
4400100
4400020
4400010
4400002
4400001
4321000
4320100
4320010
4320001
4312000
4311000
4310200
4310100
4310020
4310010
4310002
4310001
4302100
4302010
4302001
4301200
4301100
4301020
4301010
4301002
4301001
4300210
4300201
4300120
4300110
4300102
4300101
4300021
4300012
4300011
4240000
4231000
4230100
4230010
4230001
4222000
4221000
4220200
4220100
4220020
4220010
4220002
4220001
4212000
4210200
4210020
4210002
4213000
4204000
4203100
4203010
4203001
4202200
4202100
4202020
4202010
4202002
4202001
4201200
4201020
4201002
4210300
4201300
4200400
4200310
4200301
4200220
4200210
4200202
4200201
4200120
4200102
4210030
4201030
4200130
4200040
4200031
4200022
4200021
4200012
4210003
4201003
4200103
4200013
4200004
4140000
4132000
4131000
4130200
4130100
4130020
4130010
4130002
4130001
4122000
4120200
4120020
4120002
4123000
4113000
4104000
4103200
4103100
4103020
4103010
4103002
4103001
4102200
4102020
4102002
4120300
4110300
4102300
4101300
4100400
4100320
4100310
4100302
4100301
4100220
4100202
4120030
4110030
4102030
4101030
4100230
4100130
4100040
4100032
4100031
4100022
4120003
4110003
4102003
4101003
4100203
4100103
4100023
4100013
4100004
4042000
4041000
4040200
4040100
4040020
4040010
4040002
4040001
4032100
4032010
4032001
4031200
4031100
4031020
4031010
4031002
4031001
4030210
4030201
4030120
4030110
4030102
4030101
4030021
4030012
4030011
4024000
4023100
4023010
4023001
4022200
4022100
4022020
4022010
4022002
4022001
4021200
4021020
4021002
4021300
4020400
4020310
4020301
4020220
4020210
4020202
4020201
4020120
4020102
4021030
4020130
4020040
4020031
4020022
4020021
4020012
4021003
4020103
4020013
4020004
4014000
4013200
4013100
4013020
4013010
4013002
4013001
4012200
4012020
4012002
4012300
4011300
4010400
4010320
4010310
4010302
4010301
4010220
4010202
4012030
4011030
4010230
4010130
4010040
4010032
4010031
4010022
4012003
4011003
4010203
4010103
4010023
4010013
4010004
4004200
4004100
4004020
4004010
4004002
4004001
4003210
4003201
4003120
4003110
4003102
4003101
4003021
4003012
4003011
4002400
4002310
4002301
4002220
4002210
4002202
4002201
4002120
4002102
4002130
4002040
4002031
4002022
4002021
4002012
4002103
4002013
4002004
4001400
4001320
4001310
4001302
4001301
4001220
4001202
4001230
4001130
4001040
4001032
4001031
4001022
4001203
4001103
4001023
4001013
4001004
4000420
4000410
4000402
4000401
4000321
4000312
4000311
4000240
4000231
4000222
4000221
4000212
4000213
4000204
4000140
4000132
4000131
4000122
4000123
4000113
4000104
4000042
4000041
4000024
4000014
3421000
3420100
3420010
3420001
3412000
3411000
3410200
3410100
3410020
3410010
3410002
3410001
3402100
3402010
3402001
3401200
3401100
3401020
3401010
3401002
3401001
3400210
3400201
3400120
3400110
3400102
3400101
3400021
3400012
3400011
3321100
3321010
3321001
3320110
3320101
3320011
3312100
3312010
3312001
3311200
3311100
3311020
3311010
3311002
3311001
3310210
3310201
3310120
3310110
3310102
3310101
3310021
3310012
3310011
3302110
3302101
3302011
3301210
3301201
3301120
3301110
3301102
3301101
3301021
3301012
3301011
3300211
3300121
3300112
3300111
3241000
3240100
3240010
3240001
3231100
3231010
3231001
3230110
3230101
3230011
3222100
3222010
3222001
3221200
3221100
3221020
3221010
3221002
3221001
3220210
3220201
3220120
3220110
3220102
3220101
3220021
3220012
3220011
3214000
3213100
3213010
3213001
3212200
3212100
3212020
3212010
3212002
3212001
3211200
3211020
3211002
3211300
3210400
3210310
3210301
3210220
3210210
3210202
3210201
3210120
3210102
3211030
3210130
3210040
3210031
3210022
3210021
3210012
3211003
3210103
3210013
3210004
3204100
3204010
3204001
3203110
3203101
3203011
3202210
3202201
3202120
3202110
3202102
3202101
3202021
3202012
3202011
3201400
3201310
3201301
3201220
3201210
3201202
3201201
3201120
3201102
3201130
3201040
3201031
3201022
3201021
3201012
3201103
3201013
3201004
3200410
3200401
3200311
3200221
3200212
3200211
3200140
3200131
3200122
3200121
3200112
3200113
3200104
3200041
3200014
3142000
3141000
3140200
3140100
3140020
3140010
3140002
3140001
3132100
3132010
3132001
3131200
3131100
3131020
3131010
3131002
3131001
3130210
3130201
3130120
3130110
3130102
3130101
3130021
3130012
3130011
3124000
3123100
3123010
3123001
3122200
3122100
3122020
3122010
3122002
3122001
3121200
3121020
3121002
3121300
3120400
3120310
3120301
3120220
3120210
3120202
3120201
3120120
3120102
3121030
3120130
3120040
3120031
3120022
3120021
3120012
3121003
3120103
3120013
3120004
3114000
3113200
3113100
3113020
3113010
3113002
3113001
3112200
3112020
3112002
3112300
3111300
3110400
3110320
3110310
3110302
3110301
3110220
3110202
3112030
3111030
3110230
3110130
3110040
3110032
3110031
3110022
3112003
3111003
3110203
3110103
3110023
3110013
3110004
3104200
3104100
3104020
3104010
3104002
3104001
3103210
3103201
3103120
3103110
3103102
3103101
3103021
3103012
3103011
3102400
3102310
3102301
3102220
3102210
3102202
3102201
3102120
3102102
3102130
3102040
3102031
3102022
3102021
3102012
3102103
3102013
3102004
3101400
3101320
3101310
3101302
3101301
3101220
3101202
3101230
3101130
3101040
3101032
3101031
3101022
3101203
3101103
3101023
3101013
3101004
3100420
3100410
3100402
3100401
3100321
3100312
3100311
3100240
3100231
3100222
3100221
3100212
3100213
3100204
3100140
3100132
3100131
3100122
3100123
3100113
3100104
3100042
3100041
3100024
3100014
3042100
3042010
3042001
3041200
3041100
3041020
3041010
3041002
3041001
3040210
3040201
3040120
3040110
3040102
3040101
3040021
3040012
3040011
3032110
3032101
3032011
3031210
3031201
3031120
3031110
3031102
3031101
3031021
3031012
3031011
3030211
3030121
3030112
3030111
3024100
3024010
3024001
3023110
3023101
3023011
3022210
3022201
3022120
3022110
3022102
3022101
3022021
3022012
3022011
3021400
3021310
3021301
3021220
3021210
3021202
3021201
3021120
3021102
3021130
3021040
3021031
3021022
3021021
3021012
3021103
3021013
3021004
3020410
3020401
3020311
3020221
3020212
3020211
3020140
3020131
3020122
3020121
3020112
3020113
3020104
3020041
3020014
3014200
3014100
3014020
3014010
3014002
3014001
3013210
3013201
3013120
3013110
3013102
3013101
3013021
3013012
3013011
3012400
3012310
3012301
3012220
3012210
3012202
3012201
3012120
3012102
3012130
3012040
3012031
3012022
3012021
3012012
3012103
3012013
3012004
3011400
3011320
3011310
3011302
3011301
3011220
3011202
3011230
3011130
3011040
3011032
3011031
3011022
3011203
3011103
3011023
3011013
3011004
3010420
3010410
3010402
3010401
3010321
3010312
3010311
3010240
3010231
3010222
3010221
3010212
3010213
3010204
3010140
3010132
3010131
3010122
3010123
3010113
3010104
3010042
3010041
3010024
3010014
3004210
3004201
3004120
3004110
3004102
3004101
3004021
3004012
3004011
3003211
3003121
3003112
3003111
3002410
3002401
3002311
3002221
3002212
3002211
3002140
3002131
3002122
3002121
3002112
3002113
3002104
3002041
3002014
3001420
3001410
3001402
3001401
3001321
3001312
3001311
3001240
3001231
3001222
3001221
3001212
3001213
3001204
3001140
3001132
3001131
3001122
3001123
3001113
3001104
3001042
3001041
3001024
3001014
3000421
3000412
3000411
3000241
3000214
3000142
3000141
3000124
3000114
2440000
2431000
2430100
2430010
2430001
2422000
2421000
2420200
2420100
2420020
2420010
2420002
2420001
2412000
2410200
2410020
2410002
2413000
2404000
2403100
2403010
2403001
2402200
2402100
2402020
2402010
2402002
2402001
2401200
2401020
2401002
2410300
2401300
2400400
2400310
2400301
2400220
2400210
2400202
2400201
2400120
2400102
2410030
2401030
2400130
2400040
2400031
2400022
2400021
2400012
2410003
2401003
2400103
2400013
2400004
2341000
2340100
2340010
2340001
2331100
2331010
2331001
2330110
2330101
2330011
2322100
2322010
2322001
2321200
2321100
2321020
2321010
2321002
2321001
2320210
2320201
2320120
2320110
2320102
2320101
2320021
2320012
2320011
2314000
2313100
2313010
2313001
2312200
2312100
2312020
2312010
2312002
2312001
2311200
2311020
2311002
2311300
2310400
2310310
2310301
2310220
2310210
2310202
2310201
2310120
2310102
2311030
2310130
2310040
2310031
2310022
2310021
2310012
2311003
2310103
2310013
2310004
2304100
2304010
2304001
2303110
2303101
2303011
2302210
2302201
2302120
2302110
2302102
2302101
2302021
2302012
2302011
2301400
2301310
2301301
2301220
2301210
2301202
2301201
2301120
2301102
2301130
2301040
2301031
2301022
2301021
2301012
2301103
2301013
2301004
2300410
2300401
2300311
2300221
2300212
2300211
2300140
2300131
2300122
2300121
2300112
2300113
2300104
2300041
2300014
2242000
2241000
2240200
2240100
2240020
2240010
2240002
2240001
2232100
2232010
2232001
2231200
2231100
2231020
2231010
2231002
2231001
2230210
2230201
2230120
2230110
2230102
2230101
2230021
2230012
2230011
2224000
2223100
2223010
2223001
2222200
2222100
2222020
2222010
2222002
2222001
2221200
2221020
2221002
2221300
2220400
2220310
2220301
2220220
2220210
2220202
2220201
2220120
2220102
2221030
2220130
2220040
2220031
2220022
2220021
2220012
2221003
2220103
2220013
2220004
2214000
2213200
2213100
2213020
2213010
2213002
2213001
2212200
2212020
2212002
2212300
2211300
2210400
2210320
2210310
2210302
2210301
2210220
2210202
2212030
2211030
2210230
2210130
2210040
2210032
2210031
2210022
2212003
2211003
2210203
2210103
2210023
2210013
2210004
2204200
2204100
2204020
2204010
2204002
2204001
2203210
2203201
2203120
2203110
2203102
2203101
2203021
2203012
2203011
2202400
2202310
2202301
2202220
2202210
2202202
2202201
2202120
2202102
2202130
2202040
2202031
2202022
2202021
2202012
2202103
2202013
2202004
2201400
2201320
2201310
2201302
2201301
2201220
2201202
2201230
2201130
2201040
2201032
2201031
2201022
2201203
2201103
2201023
2201013
2201004
2200420
2200410
2200402
2200401
2200321
2200312
2200311
2200240
2200231
2200222
2200221
2200212
2200213
2200204
2200140
2200132
2200131
2200122
2200123
2200113
2200104
2200042
2200041
2200024
2200014
2142000
2140200
2140020
2140002
2143000
2134000
2133100
2133010
2133001
2132200
2132100
2132020
2132010
2132002
2132001
2131200
2131020
2131002
2140300
2131300
2130400
2130310
2130301
2130220
2130210
2130202
2130201
2130120
2130102
2140030
2131030
2130130
2130040
2130031
2130022
2130021
2130012
2140003
2131003
2130103
2130013
2130004
2124000
2123200
2123100
2123020
2123010
2123002
2123001
2122200
2122020
2122002
2122300
2121300
2120400
2120320
2120310
2120302
2120301
2120220
2120202
2122030
2121030
2120230
2120130
2120040
2120032
2120031
2120022
2122003
2121003
2120203
2120103
2120023
2120013
2120004
2113200
2113020
2113002
2112300
2110320
2110302
2112030
2110230
2110032
2112003
2110203
2110023
2104200
2104020
2104002
2113300
2104300
2103400
2103310
2103301
2103220
2103210
2103202
2103201
2103120
2103102
2113030
2104030
2103130
2103040
2103031
2103022
2103021
2103012
2113003
2104003
2103103
2103013
2103004
2102400
2102320
2102310
2102302
2102301
2102220
2102202
2102230
2102130
2102040
2102032
2102031
2102022
2102203
2102103
2102023
2102013
2102004
2101320
2101302
2101230
2101032
2101203
2101023
2100420
2100402
2110330
2101330
2100430
2100340
2100331
2100322
2100321
2100312
2110303
2101303
2100403
2100313
2100304
2100240
2100232
2100231
2100222
2100223
2100213
2100204
2100132
2100123
2100042
2110033
2101033
2100133
2100043
2100034
2100024
2044000
2043100
2043010
2043001
2042200
2042100
2042020
2042010
2042002
2042001
2041200
2041020
2041002
2041300
2040400
2040310
2040301
2040220
2040210
2040202
2040201
2040120
2040102
2041030
2040130
2040040
2040031
2040022
2040021
2040012
2041003
2040103
2040013
2040004
2034100
2034010
2034001
2033110
2033101
2033011
2032210
2032201
2032120
2032110
2032102
2032101
2032021
2032012
2032011
2031400
2031310
2031301
2031220
2031210
2031202
2031201
2031120
2031102
2031130
2031040
2031031
2031022
2031021
2031012
2031103
2031013
2031004
2030410
2030401
2030311
2030221
2030212
2030211
2030140
2030131
2030122
2030121
2030112
2030113
2030104
2030041
2030014
2024200
2024100
2024020
2024010
2024002
2024001
2023210
2023201
2023120
2023110
2023102
2023101
2023021
2023012
2023011
2022400
2022310
2022301
2022220
2022210
2022202
2022201
2022120
2022102
2022130
2022040
2022031
2022022
2022021
2022012
2022103
2022013
2022004
2021400
2021320
2021310
2021302
2021301
2021220
2021202
2021230
2021130
2021040
2021032
2021031
2021022
2021203
2021103
2021023
2021013
2021004
2020420
2020410
2020402
2020401
2020321
2020312
2020311
2020240
2020231
2020222
2020221
2020212
2020213
2020204
2020140
2020132
2020131
2020122
2020123
2020113
2020104
2020042
2020041
2020024
2020014
2014200
2014020
2014002
2014300
2013400
2013310
2013301
2013220
2013210
2013202
2013201
2013120
2013102
2014030
2013130
2013040
2013031
2013022
2013021
2013012
2014003
2013103
2013013
2013004
2012400
2012320
2012310
2012302
2012301
2012220
2012202
2012230
2012130
2012040
2012032
2012031
2012022
2012203
2012103
2012023
2012013
2012004
2011320
2011302
2011230
2011032
2011203
2011023
2010420
2010402
2011330
2010430
2010340
2010331
2010322
2010321
2010312
2011303
2010403
2010313
2010304
2010240
2010232
2010231
2010222
2010223
2010213
2010204
2010132
2010123
2010042
2011033
2010133
2010043
2010034
2010024
2004400
2004310
2004301
2004220
2004210
2004202
2004201
2004120
2004102
2004130
2004040
2004031
2004022
2004021
2004012
2004103
2004013
2004004
2003410
2003401
2003311
2003221
2003212
2003211
2003140
2003131
2003122
2003121
2003112
2003113
2003104
2003041
2003014
2002420
2002410
2002402
2002401
2002321
2002312
2002311
2002240
2002231
2002222
2002221
2002212
2002213
2002204
2002140
2002132
2002131
2002122
2002123
2002113
2002104
2002042
2002041
2002024
2002014
2001420
2001402
2001430
2001340
2001331
2001322
2001321
2001312
2001403
2001313
2001304
2001240
2001232
2001231
2001222
2001223
2001213
2001204
2001132
2001123
2001042
2001133
2001043
2001034
2001024
2000440
2000431
2000422
2000421
2000412
2000413
2000404
2000341
2000314
2000242
2000241
2000224
2000214
2000142
2000143
2000134
2000124
2000044
1440000
1432000
1431000
1430200
1430100
1430020
1430010
1430002
1430001
1422000
1420200
1420020
1420002
1423000
1413000
1404000
1403200
1403100
1403020
1403010
1403002
1403001
1402200
1402020
1402002
1420300
1410300
1402300
1401300
1400400
1400320
1400310
1400302
1400301
1400220
1400202
1420030
1410030
1402030
1401030
1400230
1400130
1400040
1400032
1400031
1400022
1420003
1410003
1402003
1401003
1400203
1400103
1400023
1400013
1400004
1342000
1341000
1340200
1340100
1340020
1340010
1340002
1340001
1332100
1332010
1332001
1331200
1331100
1331020
1331010
1331002
1331001
1330210
1330201
1330120
1330110
1330102
1330101
1330021
1330012
1330011
1324000
1323100
1323010
1323001
1322200
1322100
1322020
1322010
1322002
1322001
1321200
1321020
1321002
1321300
1320400
1320310
1320301
1320220
1320210
1320202
1320201
1320120
1320102
1321030
1320130
1320040
1320031
1320022
1320021
1320012
1321003
1320103
1320013
1320004
1314000
1313200
1313100
1313020
1313010
1313002
1313001
1312200
1312020
1312002
1312300
1311300
1310400
1310320
1310310
1310302
1310301
1310220
1310202
1312030
1311030
1310230
1310130
1310040
1310032
1310031
1310022
1312003
1311003
1310203
1310103
1310023
1310013
1310004
1304200
1304100
1304020
1304010
1304002
1304001
1303210
1303201
1303120
1303110
1303102
1303101
1303021
1303012
1303011
1302400
1302310
1302301
1302220
1302210
1302202
1302201
1302120
1302102
1302130
1302040
1302031
1302022
1302021
1302012
1302103
1302013
1302004
1301400
1301320
1301310
1301302
1301301
1301220
1301202
1301230
1301130
1301040
1301032
1301031
1301022
1301203
1301103
1301023
1301013
1301004
1300420
1300410
1300402
1300401
1300321
1300312
1300311
1300240
1300231
1300222
1300221
1300212
1300213
1300204
1300140
1300132
1300131
1300122
1300123
1300113
1300104
1300042
1300041
1300024
1300014
1242000
1240200
1240020
1240002
1243000
1234000
1233100
1233010
1233001
1232200
1232100
1232020
1232010
1232002
1232001
1231200
1231020
1231002
1240300
1231300
1230400
1230310
1230301
1230220
1230210
1230202
1230201
1230120
1230102
1240030
1231030
1230130
1230040
1230031
1230022
1230021
1230012
1240003
1231003
1230103
1230013
1230004
1224000
1223200
1223100
1223020
1223010
1223002
1223001
1222200
1222020
1222002
1222300
1221300
1220400
1220320
1220310
1220302
1220301
1220220
1220202
1222030
1221030
1220230
1220130
1220040
1220032
1220031
1220022
1222003
1221003
1220203
1220103
1220023
1220013
1220004
1213200
1213020
1213002
1212300
1210320
1210302
1212030
1210230
1210032
1212003
1210203
1210023
1204200
1204020
1204002
1213300
1204300
1203400
1203310
1203301
1203220
1203210
1203202
1203201
1203120
1203102
1213030
1204030
1203130
1203040
1203031
1203022
1203021
1203012
1213003
1204003
1203103
1203013
1203004
1202400
1202320
1202310
1202302
1202301
1202220
1202202
1202230
1202130
1202040
1202032
1202031
1202022
1202203
1202103
1202023
1202013
1202004
1201320
1201302
1201230
1201032
1201203
1201023
1200420
1200402
1210330
1201330
1200430
1200340
1200331
1200322
1200321
1200312
1210303
1201303
1200403
1200313
1200304
1200240
1200232
1200231
1200222
1200223
1200213
1200204
1200132
1200123
1200042
1210033
1201033
1200133
1200043
1200034
1200024
1143000
1134000
1133200
1133100
1133020
1133010
1133002
1133001
1132200
1132020
1132002
1140300
1132300
1131300
1130400
1130320
1130310
1130302
1130301
1130220
1130202
1140030
1132030
1131030
1130230
1130130
1130040
1130032
1130031
1130022
1140003
1132003
1131003
1130203
1130103
1130023
1130013
1130004
1123200
1123020
1123002
1122300
1120320
1120302
1122030
1120230
1120032
1122003
1120203
1120023
1123300
1113300
1104300
1103400
1103320
1103310
1103302
1103301
1103220
1103202
1123030
1113030
1104030
1103230
1103130
1103040
1103032
1103031
1103022
1123003
1113003
1104003
1103203
1103103
1103023
1103013
1103004
1102320
1102302
1102230
1102032
1102203
1102023
1120330
1110330
1102330
1101330
1100430
1100340
1100332
1100331
1100322
1120303
1110303
1102303
1101303
1100403
1100323
1100313
1100304
1100232
1100223
1120033
1110033
1102033
1101033
1100233
1100133
1100043
1100034
1044000
1043200
1043100
1043020
1043010
1043002
1043001
1042200
1042020
1042002
1042300
1041300
1040400
1040320
1040310
1040302
1040301
1040220
1040202
1042030
1041030
1040230
1040130
1040040
1040032
1040031
1040022
1042003
1041003
1040203
1040103
1040023
1040013
1040004
1034200
1034100
1034020
1034010
1034002
1034001
1033210
1033201
1033120
1033110
1033102
1033101
1033021
1033012
1033011
1032400
1032310
1032301
1032220
1032210
1032202
1032201
1032120
1032102
1032130
1032040
1032031
1032022
1032021
1032012
1032103
1032013
1032004
1031400
1031320
1031310
1031302
1031301
1031220
1031202
1031230
1031130
1031040
1031032
1031031
1031022
1031203
1031103
1031023
1031013
1031004
1030420
1030410
1030402
1030401
1030321
1030312
1030311
1030240
1030231
1030222
1030221
1030212
1030213
1030204
1030140
1030132
1030131
1030122
1030123
1030113
1030104
1030042
1030041
1030024
1030014
1024200
1024020
1024002
1024300
1023400
1023310
1023301
1023220
1023210
1023202
1023201
1023120
1023102
1024030
1023130
1023040
1023031
1023022
1023021
1023012
1024003
1023103
1023013
1023004
1022400
1022320
1022310
1022302
1022301
1022220
1022202
1022230
1022130
1022040
1022032
1022031
1022022
1022203
1022103
1022023
1022013
1022004
1021320
1021302
1021230
1021032
1021203
1021023
1020420
1020402
1021330
1020430
1020340
1020331
1020322
1020321
1020312
1021303
1020403
1020313
1020304
1020240
1020232
1020231
1020222
1020223
1020213
1020204
1020132
1020123
1020042
1021033
1020133
1020043
1020034
1020024
1014300
1013400
1013320
1013310
1013302
1013301
1013220
1013202
1014030
1013230
1013130
1013040
1013032
1013031
1013022
1014003
1013203
1013103
1013023
1013013
1013004
1012320
1012302
1012230
1012032
1012203
1012023
1012330
1011330
1010430
1010340
1010332
1010331
1010322
1012303
1011303
1010403
1010323
1010313
1010304
1010232
1010223
1012033
1011033
1010233
1010133
1010043
1010034
1004400
1004320
1004310
1004302
1004301
1004220
1004202
1004230
1004130
1004040
1004032
1004031
1004022
1004203
1004103
1004023
1004013
1004004
1003420
1003410
1003402
1003401
1003321
1003312
1003311
1003240
1003231
1003222
1003221
1003212
1003213
1003204
1003140
1003132
1003131
1003122
1003123
1003113
1003104
1003042
1003041
1003024
1003014
1002420
1002402
1002430
1002340
1002331
1002322
1002321
1002312
1002403
1002313
1002304
1002240
1002232
1002231
1002222
1002223
1002213
1002204
1002132
1002123
1002042
1002133
1002043
1002034
1002024
1001430
1001340
1001332
1001331
1001322
1001403
1001323
1001313
1001304
1001232
1001223
1001233
1001133
1001043
1001034
1000440
1000432
1000431
1000422
1000423
1000413
1000404
1000342
1000341
1000324
1000314
1000242
1000243
1000234
1000224
1000143
1000134
1000044
442000
441000
440200
440100
440020
440010
440002
440001
432100
432010
432001
431200
431100
431020
431010
431002
431001
430210
430201
430120
430110
430102
430101
430021
430012
430011
424000
423100
423010
423001
422200
422100
422020
422010
422002
422001
421200
421020
421002
421300
420400
420310
420301
420220
420210
420202
420201
420120
420102
421030
420130
420040
420031
420022
420021
420012
421003
420103
420013
420004
414000
413200
413100
413020
413010
413002
413001
412200
412020
412002
412300
411300
410400
410320
410310
410302
410301
410220
410202
412030
411030
410230
410130
410040
410032
410031
410022
412003
411003
410203
410103
410023
410013
410004
404200
404100
404020
404010
404002
404001
403210
403201
403120
403110
403102
403101
403021
403012
403011
402400
402310
402301
402220
402210
402202
402201
402120
402102
402130
402040
402031
402022
402021
402012
402103
402013
402004
401400
401320
401310
401302
401301
401220
401202
401230
401130
401040
401032
401031
401022
401203
401103
401023
401013
401004
400420
400410
400402
400401
400321
400312
400311
400240
400231
400222
400221
400212
400213
400204
400140
400132
400131
400122
400123
400113
400104
400042
400041
400024
400014
342100
342010
342001
341200
341100
341020
341010
341002
341001
340210
340201
340120
340110
340102
340101
340021
340012
340011
332110
332101
332011
331210
331201
331120
331110
331102
331101
331021
331012
331011
330211
330121
330112
330111
324100
324010
324001
323110
323101
323011
322210
322201
322120
322110
322102
322101
322021
322012
322011
321400
321310
321301
321220
321210
321202
321201
321120
321102
321130
321040
321031
321022
321021
321012
321103
321013
321004
320410
320401
320311
320221
320212
320211
320140
320131
320122
320121
320112
320113
320104
320041
320014
314200
314100
314020
314010
314002
314001
313210
313201
313120
313110
313102
313101
313021
313012
313011
312400
312310
312301
312220
312210
312202
312201
312120
312102
312130
312040
312031
312022
312021
312012
312103
312013
312004
311400
311320
311310
311302
311301
311220
311202
311230
311130
311040
311032
311031
311022
311203
311103
311023
311013
311004
310420
310410
310402
310401
310321
310312
310311
310240
310231
310222
310221
310212
310213
310204
310140
310132
310131
310122
310123
310113
310104
310042
310041
310024
310014
304210
304201
304120
304110
304102
304101
304021
304012
304011
303211
303121
303112
303111
302410
302401
302311
302221
302212
302211
302140
302131
302122
302121
302112
302113
302104
302041
302014
301420
301410
301402
301401
301321
301312
301311
301240
301231
301222
301221
301212
301213
301204
301140
301132
301131
301122
301123
301113
301104
301042
301041
301024
301014
300421
300412
300411
300241
300214
300142
300141
300124
300114
244000
243100
243010
243001
242200
242100
242020
242010
242002
242001
241200
241020
241002
241300
240400
240310
240301
240220
240210
240202
240201
240120
240102
241030
240130
240040
240031
240022
240021
240012
241003
240103
240013
240004
234100
234010
234001
233110
233101
233011
232210
232201
232120
232110
232102
232101
232021
232012
232011
231400
231310
231301
231220
231210
231202
231201
231120
231102
231130
231040
231031
231022
231021
231012
231103
231013
231004
230410
230401
230311
230221
230212
230211
230140
230131
230122
230121
230112
230113
230104
230041
230014
224200
224100
224020
224010
224002
224001
223210
223201
223120
223110
223102
223101
223021
223012
223011
222400
222310
222301
222220
222210
222202
222201
222120
222102
222130
222040
222031
222022
222021
222012
222103
222013
222004
221400
221320
221310
221302
221301
221220
221202
221230
221130
221040
221032
221031
221022
221203
221103
221023
221013
221004
220420
220410
220402
220401
220321
220312
220311
220240
220231
220222
220221
220212
220213
220204
220140
220132
220131
220122
220123
220113
220104
220042
220041
220024
220014
214200
214020
214002
214300
213400
213310
213301
213220
213210
213202
213201
213120
213102
214030
213130
213040
213031
213022
213021
213012
214003
213103
213013
213004
212400
212320
212310
212302
212301
212220
212202
212230
212130
212040
212032
212031
212022
212203
212103
212023
212013
212004
211320
211302
211230
211032
211203
211023
210420
210402
211330
210430
210340
210331
210322
210321
210312
211303
210403
210313
210304
210240
210232
210231
210222
210223
210213
210204
210132
210123
210042
211033
210133
210043
210034
210024
204400
204310
204301
204220
204210
204202
204201
204120
204102
204130
204040
204031
204022
204021
204012
204103
204013
204004
203410
203401
203311
203221
203212
203211
203140
203131
203122
203121
203112
203113
203104
203041
203014
202420
202410
202402
202401
202321
202312
202311
202240
202231
202222
202221
202212
202213
202204
202140
202132
202131
202122
202123
202113
202104
202042
202041
202024
202014
201420
201402
201430
201340
201331
201322
201321
201312
201403
201313
201304
201240
201232
201231
201222
201223
201213
201204
201132
201123
201042
201133
201043
201034
201024
200440
200431
200422
200421
200412
200413
200404
200341
200314
200242
200241
200224
200214
200142
200143
200134
200124
200044
144000
143200
143100
143020
143010
143002
143001
142200
142020
142002
142300
141300
140400
140320
140310
140302
140301
140220
140202
142030
141030
140230
140130
140040
140032
140031
140022
142003
141003
140203
140103
140023
140013
140004
134200
134100
134020
134010
134002
134001
133210
133201
133120
133110
133102
133101
133021
133012
133011
132400
132310
132301
132220
132210
132202
132201
132120
132102
132130
132040
132031
132022
132021
132012
132103
132013
132004
131400
131320
131310
131302
131301
131220
131202
131230
131130
131040
131032
131031
131022
131203
131103
131023
131013
131004
130420
130410
130402
130401
130321
130312
130311
130240
130231
130222
130221
130212
130213
130204
130140
130132
130131
130122
130123
130113
130104
130042
130041
130024
130014
124200
124020
124002
124300
123400
123310
123301
123220
123210
123202
123201
123120
123102
124030
123130
123040
123031
123022
123021
123012
124003
123103
123013
123004
122400
122320
122310
122302
122301
122220
122202
122230
122130
122040
122032
122031
122022
122203
122103
122023
122013
122004
121320
121302
121230
121032
121203
121023
120420
120402
121330
120430
120340
120331
120322
120321
120312
121303
120403
120313
120304
120240
120232
120231
120222
120223
120213
120204
120132
120123
120042
121033
120133
120043
120034
120024
114300
113400
113320
113310
113302
113301
113220
113202
114030
113230
113130
113040
113032
113031
113022
114003
113203
113103
113023
113013
113004
112320
112302
112230
112032
112203
112023
112330
111330
110430
110340
110332
110331
110322
112303
111303
110403
110323
110313
110304
110232
110223
112033
111033
110233
110133
110043
110034
104400
104320
104310
104302
104301
104220
104202
104230
104130
104040
104032
104031
104022
104203
104103
104023
104013
104004
103420
103410
103402
103401
103321
103312
103311
103240
103231
103222
103221
103212
103213
103204
103140
103132
103131
103122
103123
103113
103104
103042
103041
103024
103014
102420
102402
102430
102340
102331
102322
102321
102312
102403
102313
102304
102240
102232
102231
102222
102223
102213
102204
102132
102123
102042
102133
102043
102034
102024
101430
101340
101332
101331
101322
101403
101323
101313
101304
101232
101223
101233
101133
101043
101034
100440
100432
100431
100422
100423
100413
100404
100342
100341
100324
100314
100242
100243
100234
100224
100143
100134
100044
44200
44100
44020
44010
44002
44001
43210
43201
43120
43110
43102
43101
43021
43012
43011
42400
42310
42301
42220
42210
42202
42201
42120
42102
42130
42040
42031
42022
42021
42012
42103
42013
42004
41400
41320
41310
41302
41301
41220
41202
41230
41130
41040
41032
41031
41022
41203
41103
41023
41013
41004
40420
40410
40402
40401
40321
40312
40311
40240
40231
40222
40221
40212
40213
40204
40140
40132
40131
40122
40123
40113
40104
40042
40041
40024
40014
34210
34201
34120
34110
34102
34101
34021
34012
34011
33211
33121
33112
33111
32410
32401
32311
32221
32212
32211
32140
32131
32122
32121
32112
32113
32104
32041
32014
31420
31410
31402
31401
31321
31312
31311
31240
31231
31222
31221
31212
31213
31204
31140
31132
31131
31122
31123
31113
31104
31042
31041
31024
31014
30421
30412
30411
30241
30214
30142
30141
30124
30114
24400
24310
24301
24220
24210
24202
24201
24120
24102
24130
24040
24031
24022
24021
24012
24103
24013
24004
23410
23401
23311
23221
23212
23211
23140
23131
23122
23121
23112
23113
23104
23041
23014
22420
22410
22402
22401
22321
22312
22311
22240
22231
22222
22221
22212
22213
22204
22140
22132
22131
22122
22123
22113
22104
22042
22041
22024
22014
21420
21402
21430
21340
21331
21322
21321
21312
21403
21313
21304
21240
21232
21231
21222
21223
21213
21204
21132
21123
21042
21133
21043
21034
21024
20440
20431
20422
20421
20412
20413
20404
20341
20314
20242
20241
20224
20214
20142
20143
20134
20124
20044
14400
14320
14310
14302
14301
14220
14202
14230
14130
14040
14032
14031
14022
14203
14103
14023
14013
14004
13420
13410
13402
13401
13321
13312
13311
13240
13231
13222
13221
13212
13213
13204
13140
13132
13131
13122
13123
13113
13104
13042
13041
13024
13014
12420
12402
12430
12340
12331
12322
12321
12312
12403
12313
12304
12240
12232
12231
12222
12223
12213
12204
12132
12123
12042
12133
12043
12034
12024
11430
11340
11332
11331
11322
11403
11323
11313
11304
11232
11223
11233
11133
11043
11034
10440
10432
10431
10422
10423
10413
10404
10342
10341
10324
10314
10242
10243
10234
10224
10143
10134
10044
4420
4410
4402
4401
4321
4312
4311
4240
4231
4222
4221
4212
4213
4204
4140
4132
4131
4122
4123
4113
4104
4042
4041
4024
4014
3421
3412
3411
3241
3214
3142
3141
3124
3114
2440
2431
2422
2421
2412
2413
2404
2341
2314
2242
2241
2224
2214
2142
2143
2134
2124
2044
1440
1432
1431
1422
1423
1413
1404
1342
1341
1324
1314
1242
1243
1234
1224
1143
1134
1044
442
441
424
414
244
144
