2110000
2101000
2100100
2100010
2100001
2011000
2010100
2010010
2010001
2001100
2001010
2001001
2000110
2000101
2000011
1210000
1201000
1200100
1200010
1200001
1120000
1102000
1100200
1100020
1100002
1021000
1020100
1020010
1020001
1012000
1010200
1010020
1010002
1002100
1002010
1002001
1001200
1001020
1001002
1000210
1000201
1000120
1000102
1000021
1000012
211000
210100
210010
210001
201100
201010
201001
200110
200101
200011
121000
120100
120010
120001
112000
110200
110020
110002
102100
102010
102001
101200
101020
101002
100210
100201
100120
100102
100021
100012
21100
21010
21001
20110
20101
20011
12100
12010
12001
11200
11020
11002
10210
10201
10120
10102
10021
10012
2110
2101
2011
1210
1201
1120
1102
1021
1012
211
121
112
4210000
4201000
4200100
4200010
4200001
4120000
4102000
4100200
4100020
4100002
4021000
4020100
4020010
4020001
4012000
4010200
4010020
4010002
4002100
4002010
4002001
4001200
4001020
4001002
4000210
4000201
4000120
4000102
4000021
4000012
3211000
3210100
3210010
3210001
3201100
3201010
3201001
3200110
3200101
3200011
3121000
3120100
3120010
3120001
3112000
3110200
3110020
3110002
3102100
3102010
3102001
3101200
3101020
3101002
3100210
3100201
3100120
3100102
3100021
3100012
3021100
3021010
3021001
3020110
3020101
3020011
3012100
3012010
3012001
3011200
3011020
3011002
3010210
3010201
3010120
3010102
3010021
3010012
3002110
3002101
3002011
3001210
3001201
3001120
3001102
3001021
3001012
3000211
3000121
3000112
2410000
2401000
2400100
2400010
2400001
2311000
2310100
2310010
2310001
2301100
2301010
2301001
2300110
2300101
2300011
2221000
2220100
2220010
2220001
2212000
2210200
2210020
2210002
2202100
2202010
2202001
2201200
2201020
2201002
2200210
2200201
2200120
2200102
2200021
2200012
2140000
2131000
2130100
2130010
2130001
2122000
2120200
2120020
2120002
2113000
2104000
2103100
2103010
2103001
2102200
2102020
2102002
2110300
2101300
2100400
2100310
2100301
2100220
2100202
2110030
2101030
2100130
2100040
2100031
2100022
2110003
2101003
2100103
2100013
2100004
2041000
2040100
2040010
2040001
2031100
2031010
2031001
2030110
2030101
2030011
2022100
2022010
2022001
2021200
2021020
2021002
2020210
2020201
2020120
2020102
2020021
2020012
2014000
2013100
2013010
2013001
2012200
2012020
2012002
2011300
2010400
2010310
2010301
2010220
2010202
2011030
2010130
2010040
2010031
2010022
2011003
2010103
2010013
2010004
2004100
2004010
2004001
2003110
2003101
2003011
2002210
2002201
2002120
2002102
2002021
2002012
2001400
2001310
2001301
2001220
2001202
2001130
2001040
2001031
2001022
2001103
2001013
2001004
2000410
2000401
2000311
2000221
2000212
2000140
2000131
2000122
2000113
2000104
2000041
2000014
1420000
1402000
1400200
1400020
1400002
1321000
1320100
1320010
1320001
1312000
1310200
1310020
1310002
1302100
1302010
1302001
1301200
1301020
1301002
1300210
1300201
1300120
1300102
1300021
1300012
1240000
1231000
1230100
1230010
1230001
1222000
1220200
1220020
1220002
1213000
1204000
1203100
1203010
1203001
1202200
1202020
1202002
1210300
1201300
1200400
1200310
1200301
1200220
1200202
1210030
1201030
1200130
1200040
1200031
1200022
1210003
1201003
1200103
1200013
1200004
1132000
1130200
1130020
1130002
1123000
1103200
1103020
1103002
1120300
1102300
1100320
1100302
1120030
1102030
1100230
1100032
1120003
1102003
1100203
1100023
1042000
1040200
1040020
1040002
1032100
1032010
1032001
1031200
1031020
1031002
1030210
1030201
1030120
1030102
1030021
1030012
1024000
1023100
1023010
1023001
1022200
1022020
1022002
1021300
1020400
1020310
1020301
1020220
1020202
1021030
1020130
1020040
1020031
1020022
1021003
1020103
1020013
1020004
1013200
1013020
1013002
1012300
1010320
1010302
1012030
1010230
1010032
1012003
1010203
1010023
1004200
1004020
1004002
1003210
1003201
1003120
1003102
1003021
1003012
1002400
1002310
1002301
1002220
1002202
1002130
1002040
1002031
1002022
1002103
1002013
1002004
1001320
1001302
1001230
1001032
1001203
1001023
1000420
1000402
1000321
1000312
1000240
1000231
1000222
1000213
1000204
1000132
1000123
1000042
1000024
421000
420100
420010
420001
412000
410200
410020
410002
402100
402010
402001
401200
401020
401002
400210
400201
400120
400102
400021
400012
321100
321010
321001
320110
320101
320011
312100
312010
312001
311200
311020
311002
310210
310201
310120
310102
310021
310012
302110
302101
302011
301210
301201
301120
301102
301021
301012
300211
300121
300112
241000
240100
240010
240001
231100
231010
231001
230110
230101
230011
222100
222010
222001
221200
221020
221002
220210
220201
220120
220102
220021
220012
214000
213100
213010
213001
212200
212020
212002
211300
210400
210310
210301
210220
210202
211030
210130
210040
210031
210022
211003
210103
210013
210004
204100
204010
204001
203110
203101
203011
202210
202201
202120
202102
202021
202012
201400
201310
201301
201220
201202
201130
201040
201031
201022
201103
201013
201004
200410
200401
200311
200221
200212
200140
200131
200122
200113
200104
200041
200014
142000
140200
140020
140002
132100
132010
132001
131200
131020
131002
130210
130201
130120
130102
130021
130012
124000
123100
123010
123001
122200
122020
122002
121300
120400
120310
120301
120220
120202
121030
120130
120040
120031
120022
121003
120103
120013
120004
113200
113020
113002
112300
110320
110302
112030
110230
110032
112003
110203
110023
104200
104020
104002
103210
103201
103120
103102
103021
103012
102400
102310
102301
102220
102202
102130
102040
102031
102022
102103
102013
102004
101320
101302
101230
101032
101203
101023
100420
100402
100321
100312
100240
100231
100222
100213
100204
100132
100123
100042
100024
42100
42010
42001
41200
41020
41002
40210
40201
40120
40102
40021
40012
32110
32101
32011
31210
31201
31120
31102
31021
31012
30211
30121
30112
24100
24010
24001
23110
23101
23011
22210
22201
22120
22102
22021
22012
21400
21310
21301
21220
21202
21130
21040
21031
21022
21103
21013
21004
20410
20401
20311
20221
20212
20140
20131
20122
20113
20104
20041
20014
14200
14020
14002
13210
13201
13120
13102
13021
13012
12400
12310
12301
12220
12202
12130
12040
12031
12022
12103
12013
12004
11320
11302
11230
11032
11203
11023
10420
10402
10321
10312
10240
10231
10222
10213
10204
10132
10123
10042
10024
4210
4201
4120
4102
4021
4012
3211
3121
3112
2410
2401
2311
2221
2212
2140
2131
2122
2113
2104
2041
2014
1420
1402
1321
1312
1240
1231
1222
1213
1204
1132
1123
1042
1024
421
412
241
214
142
124
4420000
4402000
4400200
4400020
4400002
4321000
4320100
4320010
4320001
4312000
4310200
4310020
4310002
4302100
4302010
4302001
4301200
4301020
4301002
4300210
4300201
4300120
4300102
4300021
4300012
4240000
4231000
4230100
4230010
4230001
4222000
4220200
4220020
4220002
4213000
4204000
4203100
4203010
4203001
4202200
4202020
4202002
4210300
4201300
4200400
4200310
4200301
4200220
4200202
4210030
4201030
4200130
4200040
4200031
4200022
4210003
4201003
4200103
4200013
4200004
4132000
4130200
4130020
4130002
4123000
4103200
4103020
4103002
4120300
4102300
4100320
4100302
4120030
4102030
4100230
4100032
4120003
4102003
4100203
4100023
4042000
4040200
4040020
4040002
4032100
4032010
4032001
4031200
4031020
4031002
4030210
4030201
4030120
4030102
4030021
4030012
4024000
4023100
4023010
4023001
4022200
4022020
4022002
4021300
4020400
4020310
4020301
4020220
4020202
4021030
4020130
4020040
4020031
4020022
4021003
4020103
4020013
4020004
4013200
4013020
4013002
4012300
4010320
4010302
4012030
4010230
4010032
4012003
4010203
4010023
4004200
4004020
4004002
4003210
4003201
4003120
4003102
4003021
4003012
4002400
4002310
4002301
4002220
4002202
4002130
4002040
4002031
4002022
4002103
4002013
4002004
4001320
4001302
4001230
4001032
4001203
4001023
4000420
4000402
4000321
4000312
4000240
4000231
4000222
4000213
4000204
4000132
4000123
4000042
4000024
3421000
3420100
3420010
3420001
3412000
3410200
3410020
3410002
3402100
3402010
3402001
3401200
3401020
3401002
3400210
3400201
3400120
3400102
3400021
3400012
3321100
3321010
3321001
3320110
3320101
3320011
3312100
3312010
3312001
3311200
3311020
3311002
3310210
3310201
3310120
3310102
3310021
3310012
3302110
3302101
3302011
3301210
3301201
3301120
3301102
3301021
3301012
3300211
3300121
3300112
3241000
3240100
3240010
3240001
3231100
3231010
3231001
3230110
3230101
3230011
3222100
3222010
3222001
3221200
3221020
3221002
3220210
3220201
3220120
3220102
3220021
3220012
3214000
3213100
3213010
3213001
3212200
3212020
3212002
3211300
3210400
3210310
3210301
3210220
3210202
3211030
3210130
3210040
3210031
3210022
3211003
3210103
3210013
3210004
3204100
3204010
3204001
3203110
3203101
3203011
3202210
3202201
3202120
3202102
3202021
3202012
3201400
3201310
3201301
3201220
3201202
3201130
3201040
3201031
3201022
3201103
3201013
3201004
3200410
3200401
3200311
3200221
3200212
3200140
3200131
3200122
3200113
3200104
3200041
3200014
3142000
3140200
3140020
3140002
3132100
3132010
3132001
3131200
3131020
3131002
3130210
3130201
3130120
3130102
3130021
3130012
3124000
3123100
3123010
3123001
3122200
3122020
3122002
3121300
3120400
3120310
3120301
3120220
3120202
3121030
3120130
3120040
3120031
3120022
3121003
3120103
3120013
3120004
3113200
3113020
3113002
3112300
3110320
3110302
3112030
3110230
3110032
3112003
3110203
3110023
3104200
3104020
3104002
3103210
3103201
3103120
3103102
3103021
3103012
3102400
3102310
3102301
3102220
3102202
3102130
3102040
3102031
3102022
3102103
3102013
3102004
3101320
3101302
3101230
3101032
3101203
3101023
3100420
3100402
3100321
3100312
3100240
3100231
3100222
3100213
3100204
3100132
3100123
3100042
3100024
3042100
3042010
3042001
3041200
3041020
3041002
3040210
3040201
3040120
3040102
3040021
3040012
3032110
3032101
3032011
3031210
3031201
3031120
3031102
3031021
3031012
3030211
3030121
3030112
3024100
3024010
3024001
3023110
3023101
3023011
3022210
3022201
3022120
3022102
3022021
3022012
3021400
3021310
3021301
3021220
3021202
3021130
3021040
3021031
3021022
3021103
3021013
3021004
3020410
3020401
3020311
3020221
3020212
3020140
3020131
3020122
3020113
3020104
3020041
3020014
3014200
3014020
3014002
3013210
3013201
3013120
3013102
3013021
3013012
3012400
3012310
3012301
3012220
3012202
3012130
3012040
3012031
3012022
3012103
3012013
3012004
3011320
3011302
3011230
3011032
3011203
3011023
3010420
3010402
3010321
3010312
3010240
3010231
3010222
3010213
3010204
3010132
3010123
3010042
3010024
3004210
3004201
3004120
3004102
3004021
3004012
3003211
3003121
3003112
3002410
3002401
3002311
3002221
3002212
3002140
3002131
3002122
3002113
3002104
3002041
3002014
3001420
3001402
3001321
3001312
3001240
3001231
3001222
3001213
3001204
3001132
3001123
3001042
3001024
3000421
3000412
3000241
3000214
3000142
3000124
2440000
2431000
2430100
2430010
2430001
2422000
2420200
2420020
2420002
2413000
2404000
2403100
2403010
2403001
2402200
2402020
2402002
2410300
2401300
2400400
2400310
2400301
2400220
2400202
2410030
2401030
2400130
2400040
2400031
2400022
2410003
2401003
2400103
2400013
2400004
2341000
2340100
2340010
2340001
2331100
2331010
2331001
2330110
2330101
2330011
2322100
2322010
2322001
2321200
2321020
2321002
2320210
2320201
2320120
2320102
2320021
2320012
2314000
2313100
2313010
2313001
2312200
2312020
2312002
2311300
2310400
2310310
2310301
2310220
2310202
2311030
2310130
2310040
2310031
2310022
2311003
2310103
2310013
2310004
2304100
2304010
2304001
2303110
2303101
2303011
2302210
2302201
2302120
2302102
2302021
2302012
2301400
2301310
2301301
2301220
2301202
2301130
2301040
2301031
2301022
2301103
2301013
2301004
2300410
2300401
2300311
2300221
2300212
2300140
2300131
2300122
2300113
2300104
2300041
2300014
2242000
2240200
2240020
2240002
2232100
2232010
2232001
2231200
2231020
2231002
2230210
2230201
2230120
2230102
2230021
2230012
2224000
2223100
2223010
2223001
2222200
2222020
2222002
2221300
2220400
2220310
2220301
2220220
2220202
2221030
2220130
2220040
2220031
2220022
2221003
2220103
2220013
2220004
2213200
2213020
2213002
2212300
2210320
2210302
2212030
2210230
2210032
2212003
2210203
2210023
2204200
2204020
2204002
2203210
2203201
2203120
2203102
2203021
2203012
2202400
2202310
2202301
2202220
2202202
2202130
2202040
2202031
2202022
2202103
2202013
2202004
2201320
2201302
2201230
2201032
2201203
2201023
2200420
2200402
2200321
2200312
2200240
2200231
2200222
2200213
2200204
2200132
2200123
2200042
2200024
2143000
2134000
2133100
2133010
2133001
2132200
2132020
2132002
2140300
2131300
2130400
2130310
2130301
2130220
2130202
2140030
2131030
2130130
2130040
2130031
2130022
2140003
2131003
2130103
2130013
2130004
2123200
2123020
2123002
2122300
2120320
2120302
2122030
2120230
2120032
2122003
2120203
2120023
2113300
2104300
2103400
2103310
2103301
2103220
2103202
2113030
2104030
2103130
2103040
2103031
2103022
2113003
2104003
2103103
2103013
2103004
2102320
2102302
2102230
2102032
2102203
2102023
2110330
2101330
2100430
2100340
2100331
2100322
2110303
2101303
2100403
2100313
2100304
2100232
2100223
2110033
2101033
2100133
2100043
2100034
2044000
2043100
2043010
2043001
2042200
2042020
2042002
2041300
2040400
2040310
2040301
2040220
2040202
2041030
2040130
2040040
2040031
2040022
2041003
2040103
2040013
2040004
2034100
2034010
2034001
2033110
2033101
2033011
2032210
2032201
2032120
2032102
2032021
2032012
2031400
2031310
2031301
2031220
2031202
2031130
2031040
2031031
2031022
2031103
2031013
2031004
2030410
2030401
2030311
2030221
2030212
2030140
2030131
2030122
2030113
2030104
2030041
2030014
2024200
2024020
2024002
2023210
2023201
2023120
2023102
2023021
2023012
2022400
2022310
2022301
2022220
2022202
2022130
2022040
2022031
2022022
2022103
2022013
2022004
2021320
2021302
2021230
2021032
2021203
2021023
2020420
2020402
2020321
2020312
2020240
2020231
2020222
2020213
2020204
2020132
2020123
2020042
2020024
2014300
2013400
2013310
2013301
2013220
2013202
2014030
2013130
2013040
2013031
2013022
2014003
2013103
2013013
2013004
2012320
2012302
2012230
2012032
2012203
2012023
2011330
2010430
2010340
2010331
2010322
2011303
2010403
2010313
2010304
2010232
2010223
2011033
2010133
2010043
2010034
2004400
2004310
2004301
2004220
2004202
2004130
2004040
2004031
2004022
2004103
2004013
2004004
2003410
2003401
2003311
2003221
2003212
2003140
2003131
2003122
2003113
2003104
2003041
2003014
2002420
2002402
2002321
2002312
2002240
2002231
2002222
2002213
2002204
2002132
2002123
2002042
2002024
2001430
2001340
2001331
2001322
2001403
2001313
2001304
2001232
2001223
2001133
2001043
2001034
2000440
2000431
2000422
2000413
2000404
2000341
2000314
2000242
2000224
2000143
2000134
2000044
1432000
1430200
1430020
1430002
1423000
1403200
1403020
1403002
1420300
1402300
1400320
1400302
1420030
1402030
1400230
1400032
1420003
1402003
1400203
1400023
1342000
1340200
1340020
1340002
1332100
1332010
1332001
1331200
1331020
1331002
1330210
1330201
1330120
1330102
1330021
1330012
1324000
1323100
1323010
1323001
1322200
1322020
1322002
1321300
1320400
1320310
1320301
1320220
1320202
1321030
1320130
1320040
1320031
1320022
1321003
1320103
1320013
1320004
1313200
1313020
1313002
1312300
1310320
1310302
1312030
1310230
1310032
1312003
1310203
1310023
1304200
1304020
1304002
1303210
1303201
1303120
1303102
1303021
1303012
1302400
1302310
1302301
1302220
1302202
1302130
1302040
1302031
1302022
1302103
1302013
1302004
1301320
1301302
1301230
1301032
1301203
1301023
1300420
1300402
1300321
1300312
1300240
1300231
1300222
1300213
1300204
1300132
1300123
1300042
1300024
1243000
1234000
1233100
1233010
1233001
1232200
1232020
1232002
1240300
1231300
1230400
1230310
1230301
1230220
1230202
1240030
1231030
1230130
1230040
1230031
1230022
1240003
1231003
1230103
1230013
1230004
1223200
1223020
1223002
1222300
1220320
1220302
1222030
1220230
1220032
1222003
1220203
1220023
1213300
1204300
1203400
1203310
1203301
1203220
1203202
1213030
1204030
1203130
1203040
1203031
1203022
1213003
1204003
1203103
1203013
1203004
1202320
1202302
1202230
1202032
1202203
1202023
1210330
1201330
1200430
1200340
1200331
1200322
1210303
1201303
1200403
1200313
1200304
1200232
1200223
1210033
1201033
1200133
1200043
1200034
1133200
1133020
1133002
1132300
1130320
1130302
1132030
1130230
1130032
1132003
1130203
1130023
1123300
1103320
1103302
1123030
1103230
1103032
1123003
1103203
1103023
1120330
1102330
1100332
1120303
1102303
1100323
1120033
1102033
1100233
1043200
1043020
1043002
1042300
1040320
1040302
1042030
1040230
1040032
1042003
1040203
1040023
1034200
1034020
1034002
1033210
1033201
1033120
1033102
1033021
1033012
1032400
1032310
1032301
1032220
1032202
1032130
1032040
1032031
1032022
1032103
1032013
1032004
1031320
1031302
1031230
1031032
1031203
1031023
1030420
1030402
1030321
1030312
1030240
1030231
1030222
1030213
1030204
1030132
1030123
1030042
1030024
1024300
1023400
1023310
1023301
1023220
1023202
1024030
1023130
1023040
1023031
1023022
1024003
1023103
1023013
1023004
1022320
1022302
1022230
1022032
1022203
1022023
1021330
1020430
1020340
1020331
1020322
1021303
1020403
1020313
1020304
1020232
1020223
1021033
1020133
1020043
1020034
1013320
1013302
1013230
1013032
1013203
1013023
1012330
1010332
1012303
1010323
1012033
1010233
1004320
1004302
1004230
1004032
1004203
1004023
1003420
1003402
1003321
1003312
1003240
1003231
1003222
1003213
1003204
1003132
1003123
1003042
1003024
1002430
1002340
1002331
1002322
1002403
1002313
1002304
1002232
1002223
1002133
1002043
1002034
1001332
1001323
1001233
1000432
1000423
1000342
1000324
1000243
1000234
442000
440200
440020
440002
432100
432010
432001
431200
431020
431002
430210
430201
430120
430102
430021
430012
424000
423100
423010
423001
422200
422020
422002
421300
420400
420310
420301
420220
420202
421030
420130
420040
420031
420022
421003
420103
420013
420004
413200
413020
413002
412300
410320
410302
412030
410230
410032
412003
410203
410023
404200
404020
404002
403210
403201
403120
403102
403021
403012
402400
402310
402301
402220
402202
402130
402040
402031
402022
402103
402013
402004
401320
401302
401230
401032
401203
401023
400420
400402
400321
400312
400240
400231
400222
400213
400204
400132
400123
400042
400024
342100
342010
342001
341200
341020
341002
340210
340201
340120
340102
340021
340012
332110
332101
332011
331210
331201
331120
331102
331021
331012
330211
330121
330112
324100
324010
324001
323110
323101
323011
322210
322201
322120
322102
322021
322012
321400
321310
321301
321220
321202
321130
321040
321031
321022
321103
321013
321004
320410
320401
320311
320221
320212
320140
320131
320122
320113
320104
320041
320014
314200
314020
314002
313210
313201
313120
313102
313021
313012
312400
312310
312301
312220
312202
312130
312040
312031
312022
312103
312013
312004
311320
311302
311230
311032
311203
311023
310420
310402
310321
310312
310240
310231
310222
310213
310204
310132
310123
310042
310024
304210
304201
304120
304102
304021
304012
303211
303121
303112
302410
302401
302311
302221
302212
302140
302131
302122
302113
302104
302041
302014
301420
301402
301321
301312
301240
301231
301222
301213
301204
301132
301123
301042
301024
300421
300412
300241
300214
300142
300124
244000
243100
243010
243001
242200
242020
242002
241300
240400
240310
240301
240220
240202
241030
240130
240040
240031
240022
241003
240103
240013
240004
234100
234010
234001
233110
233101
233011
232210
232201
232120
232102
232021
232012
231400
231310
231301
231220
231202
231130
231040
231031
231022
231103
231013
231004
230410
230401
230311
230221
230212
230140
230131
230122
230113
230104
230041
230014
224200
224020
224002
223210
223201
223120
223102
223021
223012
222400
222310
222301
222220
222202
222130
222040
222031
222022
222103
222013
222004
221320
221302
221230
221032
221203
221023
220420
220402
220321
220312
220240
220231
220222
220213
220204
220132
220123
220042
220024
214300
213400
213310
213301
213220
213202
214030
213130
213040
213031
213022
214003
213103
213013
213004
212320
212302
212230
212032
212203
212023
211330
210430
210340
210331
210322
211303
210403
210313
210304
210232
210223
211033
210133
210043
210034
204400
204310
204301
204220
204202
204130
204040
204031
204022
204103
204013
204004
203410
203401
203311
203221
203212
203140
203131
203122
203113
203104
203041
203014
202420
202402
202321
202312
202240
202231
202222
202213
202204
202132
202123
202042
202024
201430
201340
201331
201322
201403
201313
201304
201232
201223
201133
201043
201034
200440
200431
200422
200413
200404
200341
200314
200242
200224
200143
200134
200044
143200
143020
143002
142300
140320
140302
142030
140230
140032
142003
140203
140023
134200
134020
134002
133210
133201
133120
133102
133021
133012
132400
132310
132301
132220
132202
132130
132040
132031
132022
132103
132013
132004
131320
131302
131230
131032
131203
131023
130420
130402
130321
130312
130240
130231
130222
130213
130204
130132
130123
130042
130024
124300
123400
123310
123301
123220
123202
124030
123130
123040
123031
123022
124003
123103
123013
123004
122320
122302
122230
122032
122203
122023
121330
120430
120340
120331
120322
121303
120403
120313
120304
120232
120223
121033
120133
120043
120034
113320
113302
113230
113032
113203
113023
112330
110332
112303
110323
112033
110233
104320
104302
104230
104032
104203
104023
103420
103402
103321
103312
103240
103231
103222
103213
103204
103132
103123
103042
103024
102430
102340
102331
102322
102403
102313
102304
102232
102223
102133
102043
102034
101332
101323
101233
100432
100423
100342
100324
100243
100234
44200
44020
44002
43210
43201
43120
43102
43021
43012
42400
42310
42301
42220
42202
42130
42040
42031
42022
42103
42013
42004
41320
41302
41230
41032
41203
41023
40420
40402
40321
40312
40240
40231
40222
40213
40204
40132
40123
40042
40024
34210
34201
34120
34102
34021
34012
33211
33121
33112
32410
32401
32311
32221
32212
32140
32131
32122
32113
32104
32041
32014
31420
31402
31321
31312
31240
31231
31222
31213
31204
31132
31123
31042
31024
30421
30412
30241
30214
30142
30124
24400
24310
24301
24220
24202
24130
24040
24031
24022
24103
24013
24004
23410
23401
23311
23221
23212
23140
23131
23122
23113
23104
23041
23014
22420
22402
22321
22312
22240
22231
22222
22213
22204
22132
22123
22042
22024
21430
21340
21331
21322
21403
21313
21304
21232
21223
21133
21043
21034
20440
20431
20422
20413
20404
20341
20314
20242
20224
20143
20134
20044
14320
14302
14230
14032
14203
14023
13420
13402
13321
13312
13240
13231
13222
13213
13204
13132
13123
13042
13024
12430
12340
12331
12322
12403
12313
12304
12232
12223
12133
12043
12034
11332
11323
11233
10432
10423
10342
10324
10243
10234
4420
4402
4321
4312
4240
4231
4222
4213
4204
4132
4123
4042
4024
3421
3412
3241
3214
3142
3124
2440
2431
2422
2413
2404
2341
2314
2242
2224
2143
2134
2044
1432
1423
1342
1324
1243
1234
442
424
244
