1110000
1101000
1100100
1100010
1100001
1011000
1010100
1010010
1010001
1001100
1001010
1001001
1000110
1000101
1000011
111000
110100
110010
110001
101100
101010
101001
100110
100101
100011
11100
11010
11001
10110
10101
10011
1110
1101
1011
111
4110000
4101000
4100100
4100010
4100001
4011000
4010100
4010010
4010001
4001100
4001010
4001001
4000110
4000101
4000011
3111000
3110100
3110010
3110001
3101100
3101010
3101001
3100110
3100101
3100011
3011100
3011010
3011001
3010110
3010101
3010011
3001110
3001101
3001011
3000111
2211000
2210100
2210010
2210001
2201100
2201010
2201001
2200110
2200101
2200011
2121000
2120100
2120010
2120001
2112000
2110200
2110020
2110002
2102100
2102010
2102001
2101200
2101020
2101002
2100210
2100201
2100120
2100102
2100021
2100012
2021100
2021010
2021001
2020110
2020101
2020011
2012100
2012010
2012001
2011200
2011020
2011002
2010210
2010201
2010120
2010102
2010021
2010012
2002110
2002101
2002011
2001210
2001201
2001120
2001102
2001021
2001012
2000211
2000121
2000112
1410000
1401000
1400100
1400010
1400001
1311000
1310100
1310010
1310001
1301100
1301010
1301001
1300110
1300101
1300011
1221000
1220100
1220010
1220001
1212000
1210200
1210020
1210002
1202100
1202010
1202001
1201200
1201020
1201002
1200210
1200201
1200120
1200102
1200021
1200012
1140000
1131000
1130100
1130010
1130001
1122000
1120200
1120020
1120002
1113000
1110300
1110030
1110003
1104000
1103100
1103010
1103001
1102200
1102020
1102002
1101300
1101030
1101003
1100400
1100310
1100301
1100220
1100202
1100130
1100103
1100040
1100031
1100022
1100013
1100004
1041000
1040100
1040010
1040001
1031100
1031010
1031001
1030110
1030101
1030011
1022100
1022010
1022001
1021200
1021020
1021002
1020210
1020201
1020120
1020102
1020021
1020012
1014000
1013100
1013010
1013001
1012200
1012020
1012002
1011300
1011030
1011003
1010400
1010310
1010301
1010220
1010202
1010130
1010103
1010040
1010031
1010022
1010013
1010004
1004100
1004010
1004001
1003110
1003101
1003011
1002210
1002201
1002120
1002102
1002021
1002012
1001400
1001310
1001301
1001220
1001202
1001130
1001103
1001040
1001031
1001022
1001013
1001004
1000410
1000401
1000311
1000221
1000212
1000140
1000131
1000122
1000113
1000104
1000041
1000014
411000
410100
410010
410001
401100
401010
401001
400110
400101
400011
311100
311010
311001
310110
310101
310011
301110
301101
301011
300111
221100
221010
221001
220110
220101
220011
212100
212010
212001
211200
211020
211002
210210
210201
210120
210102
210021
210012
202110
202101
202011
201210
201201
201120
201102
201021
201012
200211
200121
200112
141000
140100
140010
140001
131100
131010
131001
130110
130101
130011
122100
122010
122001
121200
121020
121002
120210
120201
120120
120102
120021
120012
114000
113100
113010
113001
112200
112020
112002
111300
111030
111003
110400
110310
110301
110220
110202
110130
110103
110040
110031
110022
110013
110004
104100
104010
104001
103110
103101
103011
102210
102201
102120
102102
102021
102012
101400
101310
101301
101220
101202
101130
101103
101040
101031
101022
101013
101004
100410
100401
100311
100221
100212
100140
100131
100122
100113
100104
100041
100014
41100
41010
41001
40110
40101
40011
31110
31101
31011
30111
22110
22101
22011
21210
21201
21120
21102
21021
21012
20211
20121
20112
14100
14010
14001
13110
13101
13011
12210
12201
12120
12102
12021
12012
11400
11310
11301
11220
11202
11130
11103
11040
11031
11022
11013
11004
10410
10401
10311
10221
10212
10140
10131
10122
10113
10104
10041
10014
4110
4101
4011
3111
2211
2121
2112
1410
1401
1311
1221
1212
1140
1131
1122
1113
1104
1041
1014
411
141
114
