3000000
300000
30000
3000
300
30
3
3300000
3030000
3003000
3000300
3000030
3000003
330000
303000
300300
300030
300003
33000
30300
30030
30003
3300
3030
3003
330
303
33
3330000
3303000
3300300
3300030
3300003
3033000
3030300
3030030
3030003
3003300
3003030
3003003
3000330
3000303
3000033
333000
330300
330030
330003
303300
303030
303003
300330
300303
300033
33300
33030
33003
30330
30303
30033
3330
3303
3033
333
3333000
3330300
3330030
3330003
3303300
3303030
3303003
3300330
3300303
3300033
3033300
3033030
3033003
3030330
3030303
3030033
3003330
3003303
3003033
3000333
333300
333030
333003
330330
330303
330033
303330
303303
303033
300333
33330
33303
33033
30333
3333
