1100000
1010000
1001000
1000100
1000010
1000001
110000
101000
100100
100010
100001
11000
10100
10010
10001
1100
1010
1001
110
101
11
4100000
4010000
4001000
4000100
4000010
4000001
3110000
3101000
3100100
3100010
3100001
3011000
3010100
3010010
3010001
3001100
3001010
3001001
3000110
3000101
3000011
2210000
2201000
2200100
2200010
2200001
2120000
2110000
2102000
2101000
2100200
2100100
2100020
2100010
2100002
2100001
2021000
2020100
2020010
2020001
2012000
2011000
2010200
2010100
2010020
2010010
2010002
2010001
2002100
2002010
2002001
2001200
2001100
2001020
2001010
2001002
2001001
2000210
2000201
2000120
2000110
2000102
2000101
2000021
2000012
2000011
1400000
1310000
1301000
1300100
1300010
1300001
1220000
1210000
1202000
1201000
1200200
1200100
1200020
1200010
1200002
1200001
1130000
1120000
1103000
1102000
1100300
1100200
1100030
1100020
1100003
1100002
1040000
1031000
1030100
1030010
1030001
1022000
1021000
1020200
1020100
1020020
1020010
1020002
1020001
1013000
1012000
1010300
1010200
1010030
1010020
1010003
1010002
1004000
1003100
1003010
1003001
1002200
1002100
1002020
1002010
1002002
1002001
1001300
1001200
1001030
1001020
1001003
1001002
1000400
1000310
1000301
1000220
1000210
1000202
1000201
1000130
1000120
1000103
1000102
1000040
1000031
1000022
1000021
1000013
1000012
1000004
410000
401000
400100
400010
400001
311000
310100
310010
310001
301100
301010
301001
300110
300101
300011
221000
220100
220010
220001
212000
211000
210200
210100
210020
210010
210002
210001
202100
202010
202001
201200
201100
201020
201010
201002
201001
200210
200201
200120
200110
200102
200101
200021
200012
200011
140000
131000
130100
130010
130001
122000
121000
120200
120100
120020
120010
120002
120001
113000
112000
110300
110200
110030
110020
110003
110002
104000
103100
103010
103001
102200
102100
102020
102010
102002
102001
101300
101200
101030
101020
101003
101002
100400
100310
100301
100220
100210
100202
100201
100130
100120
100103
100102
100040
100031
100022
100021
100013
100012
100004
41000
40100
40010
40001
31100
31010
31001
30110
30101
30011
22100
22010
22001
21200
21100
21020
21010
21002
21001
20210
20201
20120
20110
20102
20101
20021
20012
20011
14000
13100
13010
13001
12200
12100
12020
12010
12002
12001
11300
11200
11030
11020
11003
11002
10400
10310
10301
10220
10210
10202
10201
10130
10120
10103
10102
10040
10031
10022
10021
10013
10012
10004
4100
4010
4001
3110
3101
3011
2210
2201
2120
2110
2102
2101
2021
2012
2011
1400
1310
1301
1220
1210
1202
1201
1130
1120
1103
1102
1040
1031
1022
1021
1013
1012
1004
410
401
311
221
212
211
140
131
122
121
113
112
104
41
14
4400000
4310000
4301000
4300100
4300010
4300001
4220000
4210000
4202000
4201000
4200200
4200100
4200020
4200010
4200002
4200001
4130000
4120000
4103000
4102000
4100300
4100200
4100030
4100020
4100003
4100002
4040000
4031000
4030100
4030010
4030001
4022000
4021000
4020200
4020100
4020020
4020010
4020002
4020001
4013000
4012000
4010300
4010200
4010030
4010020
4010003
4010002
4004000
4003100
4003010
4003001
4002200
4002100
4002020
4002010
4002002
4002001
4001300
4001200
4001030
4001020
4001003
4001002
4000400
4000310
4000301
4000220
4000210
4000202
4000201
4000130
4000120
4000103
4000102
4000040
4000031
4000022
4000021
4000013
4000012
4000004
3410000
3401000
3400100
3400010
3400001
3311000
3310100
3310010
3310001
3301100
3301010
3301001
3300110
3300101
3300011
3221000
3220100
3220010
3220001
3212000
3211000
3210200
3210100
3210020
3210010
3210002
3210001
3202100
3202010
3202001
3201200
3201100
3201020
3201010
3201002
3201001
3200210
3200201
3200120
3200110
3200102
3200101
3200021
3200012
3200011
3140000
3131000
3130100
3130010
3130001
3122000
3121000
3120200
3120100
3120020
3120010
3120002
3120001
3113000
3112000
3110300
3110200
3110030
3110020
3110003
3110002
3104000
3103100
3103010
3103001
3102200
3102100
3102020
3102010
3102002
3102001
3101300
3101200
3101030
3101020
3101003
3101002
3100400
3100310
3100301
3100220
3100210
3100202
3100201
3100130
3100120
3100103
3100102
3100040
3100031
3100022
3100021
3100013
3100012
3100004
3041000
3040100
3040010
3040001
3031100
3031010
3031001
3030110
3030101
3030011
3022100
3022010
3022001
3021200
3021100
3021020
3021010
3021002
3021001
3020210
3020201
3020120
3020110
3020102
3020101
3020021
3020012
3020011
3014000
3013100
3013010
3013001
3012200
3012100
3012020
3012010
3012002
3012001
3011300
3011200
3011030
3011020
3011003
3011002
3010400
3010310
3010301
3010220
3010210
3010202
3010201
3010130
3010120
3010103
3010102
3010040
3010031
3010022
3010021
3010013
3010012
3010004
3004100
3004010
3004001
3003110
3003101
3003011
3002210
3002201
3002120
3002110
3002102
3002101
3002021
3002012
3002011
3001400
3001310
3001301
3001220
3001210
3001202
3001201
3001130
3001120
3001103
3001102
3001040
3001031
3001022
3001021
3001013
3001012
3001004
3000410
3000401
3000311
3000221
3000212
3000211
3000140
3000131
3000122
3000121
3000113
3000112
3000104
3000041
3000014
2420000
2410000
2402000
2401000
2400200
2400100
2400020
2400010
2400002
2400001
2321000
2320100
2320010
2320001
2312000
2311000
2310200
2310100
2310020
2310010
2310002
2310001
2302100
2302010
2302001
2301200
2301100
2301020
2301010
2301002
2301001
2300210
2300201
2300120
2300110
2300102
2300101
2300021
2300012
2300011
2240000
2231000
2230100
2230010
2230001
2222000
2221000
2220200
2220100
2220020
2220010
2220002
2220001
2213000
2212000
2210300
2210200
2210030
2210020
2210003
2210002
2204000
2203100
2203010
2203001
2202200
2202100
2202020
2202010
2202002
2202001
2201300
2201200
2201030
2201020
2201003
2201002
2200400
2200310
2200301
2200220
2200210
2200202
2200201
2200130
2200120
2200103
2200102
2200040
2200031
2200022
2200021
2200013
2200012
2200004
2140000
2132000
2131000
2130200
2130100
2130020
2130010
2130002
2130001
2123000
2122000
2120300
2120200
2120030
2120020
2120003
2120002
2113000
2110300
2110030
2110003
2104000
2103200
2103100
2103020
2103010
2103002
2103001
2102300
2102200
2102030
2102020
2102003
2102002
2101300
2101030
2101003
2100400
2100320
2100310
2100302
2100301
2100230
2100220
2100203
2100202
2100130
2100103
2100040
2100032
2100031
2100023
2100022
2100013
2100004
2042000
2041000
2040200
2040100
2040020
2040010
2040002
2040001
2032100
2032010
2032001
2031200
2031100
2031020
2031010
2031002
2031001
2030210
2030201
2030120
2030110
2030102
2030101
2030021
2030012
2030011
2024000
2023100
2023010
2023001
2022200
2022100
2022020
2022010
2022002
2022001
2021300
2021200
2021030
2021020
2021003
2021002
2020400
2020310
2020301
2020220
2020210
2020202
2020201
2020130
2020120
2020103
2020102
2020040
2020031
2020022
2020021
2020013
2020012
2020004
2014000
2013200
2013100
2013020
2013010
2013002
2013001
2012300
2012200
2012030
2012020
2012003
2012002
2011300
2011030
2011003
2010400
2010320
2010310
2010302
2010301
2010230
2010220
2010203
2010202
2010130
2010103
2010040
2010032
2010031
2010023
2010022
2010013
2010004
2004200
2004100
2004020
2004010
2004002
2004001
2003210
2003201
2003120
2003110
2003102
2003101
2003021
2003012
2003011
2002400
2002310
2002301
2002220
2002210
2002202
2002201
2002130
2002120
2002103
2002102
2002040
2002031
2002022
2002021
2002013
2002012
2002004
2001400
2001320
2001310
2001302
2001301
2001230
2001220
2001203
2001202
2001130
2001103
2001040
2001032
2001031
2001023
2001022
2001013
2001004
2000420
2000410
2000402
2000401
2000321
2000312
2000311
2000240
2000231
2000222
2000221
2000213
2000212
2000204
2000140
2000132
2000131
2000123
2000122
2000113
2000104
2000042
2000041
2000024
2000014
1430000
1420000
1403000
1402000
1400300
1400200
1400030
1400020
1400003
1400002
1340000
1331000
1330100
1330010
1330001
1322000
1321000
1320200
1320100
1320020
1320010
1320002
1320001
1313000
1312000
1310300
1310200
1310030
1310020
1310003
1310002
1304000
1303100
1303010
1303001
1302200
1302100
1302020
1302010
1302002
1302001
1301300
1301200
1301030
1301020
1301003
1301002
1300400
1300310
1300301
1300220
1300210
1300202
1300201
1300130
1300120
1300103
1300102
1300040
1300031
1300022
1300021
1300013
1300012
1300004
1240000
1232000
1231000
1230200
1230100
1230020
1230010
1230002
1230001
1223000
1222000
1220300
1220200
1220030
1220020
1220003
1220002
1213000
1210300
1210030
1210003
1204000
1203200
1203100
1203020
1203010
1203002
1203001
1202300
1202200
1202030
1202020
1202003
1202002
1201300
1201030
1201003
1200400
1200320
1200310
1200302
1200301
1200230
1200220
1200203
1200202
1200130
1200103
1200040
1200032
1200031
1200023
1200022
1200013
1200004
1133000
1132000
1130300
1130200
1130030
1130020
1130003
1130002
1123000
1120300
1120030
1120003
1103300
1103200
1103030
1103020
1103003
1103002
1102300
1102030
1102003
1100330
1100320
1100303
1100302
1100230
1100203
1100033
1100032
1100023
1043000
1042000
1040300
1040200
1040030
1040020
1040003
1040002
1034000
1033100
1033010
1033001
1032200
1032100
1032020
1032010
1032002
1032001
1031300
1031200
1031030
1031020
1031003
1031002
1030400
1030310
1030301
1030220
1030210
1030202
1030201
1030130
1030120
1030103
1030102
1030040
1030031
1030022
1030021
1030013
1030012
1030004
1024000
1023200
1023100
1023020
1023010
1023002
1023001
1022300
1022200
1022030
1022020
1022003
1022002
1021300
1021030
1021003
1020400
1020320
1020310
1020302
1020301
1020230
1020220
1020203
1020202
1020130
1020103
1020040
1020032
1020031
1020023
1020022
1020013
1020004
1013300
1013200
1013030
1013020
1013003
1013002
1012300
1012030
1012003
1010330
1010320
1010303
1010302
1010230
1010203
1010033
1010032
1010023
1004300
1004200
1004030
1004020
1004003
1004002
1003400
1003310
1003301
1003220
1003210
1003202
1003201
1003130
1003120
1003103
1003102
1003040
1003031
1003022
1003021
1003013
1003012
1003004
1002400
1002320
1002310
1002302
1002301
1002230
1002220
1002203
1002202
1002130
1002103
1002040
1002032
1002031
1002023
1002022
1002013
1002004
1001330
1001320
1001303
1001302
1001230
1001203
1001033
1001032
1001023
1000430
1000420
1000403
1000402
1000340
1000331
1000322
1000321
1000313
1000312
1000304
1000240
1000232
1000231
1000223
1000222
1000213
1000204
1000133
1000132
1000123
1000043
1000042
1000034
1000024
440000
431000
430100
430010
430001
422000
421000
420200
420100
420020
420010
420002
420001
413000
412000
410300
410200
410030
410020
410003
410002
404000
403100
403010
403001
402200
402100
402020
402010
402002
402001
401300
401200
401030
401020
401003
401002
400400
400310
400301
400220
400210
400202
400201
400130
400120
400103
400102
400040
400031
400022
400021
400013
400012
400004
341000
340100
340010
340001
331100
331010
331001
330110
330101
330011
322100
322010
322001
321200
321100
321020
321010
321002
321001
320210
320201
320120
320110
320102
320101
320021
320012
320011
314000
313100
313010
313001
312200
312100
312020
312010
312002
312001
311300
311200
311030
311020
311003
311002
310400
310310
310301
310220
310210
310202
310201
310130
310120
310103
310102
310040
310031
310022
310021
310013
310012
310004
304100
304010
304001
303110
303101
303011
302210
302201
302120
302110
302102
302101
302021
302012
302011
301400
301310
301301
301220
301210
301202
301201
301130
301120
301103
301102
301040
301031
301022
301021
301013
301012
301004
300410
300401
300311
300221
300212
300211
300140
300131
300122
300121
300113
300112
300104
300041
300014
242000
241000
240200
240100
240020
240010
240002
240001
232100
232010
232001
231200
231100
231020
231010
231002
231001
230210
230201
230120
230110
230102
230101
230021
230012
230011
224000
223100
223010
223001
222200
222100
222020
222010
222002
222001
221300
221200
221030
221020
221003
221002
220400
220310
220301
220220
220210
220202
220201
220130
220120
220103
220102
220040
220031
220022
220021
220013
220012
220004
214000
213200
213100
213020
213010
213002
213001
212300
212200
212030
212020
212003
212002
211300
211030
211003
210400
210320
210310
210302
210301
210230
210220
210203
210202
210130
210103
210040
210032
210031
210023
210022
210013
210004
204200
204100
204020
204010
204002
204001
203210
203201
203120
203110
203102
203101
203021
203012
203011
202400
202310
202301
202220
202210
202202
202201
202130
202120
202103
202102
202040
202031
202022
202021
202013
202012
202004
201400
201320
201310
201302
201301
201230
201220
201203
201202
201130
201103
201040
201032
201031
201023
201022
201013
201004
200420
200410
200402
200401
200321
200312
200311
200240
200231
200222
200221
200213
200212
200204
200140
200132
200131
200123
200122
200113
200104
200042
200041
200024
200014
143000
142000
140300
140200
140030
140020
140003
140002
134000
133100
133010
133001
132200
132100
132020
132010
132002
132001
131300
131200
131030
131020
131003
131002
130400
130310
130301
130220
130210
130202
130201
130130
130120
130103
130102
130040
130031
130022
130021
130013
130012
130004
124000
123200
123100
123020
123010
123002
123001
122300
122200
122030
122020
122003
122002
121300
121030
121003
120400
120320
120310
120302
120301
120230
120220
120203
120202
120130
120103
120040
120032
120031
120023
120022
120013
120004
113300
113200
113030
113020
113003
113002
112300
112030
112003
110330
110320
110303
110302
110230
110203
110033
110032
110023
104300
104200
104030
104020
104003
104002
103400
103310
103301
103220
103210
103202
103201
103130
103120
103103
103102
103040
103031
103022
103021
103013
103012
103004
102400
102320
102310
102302
102301
102230
102220
102203
102202
102130
102103
102040
102032
102031
102023
102022
102013
102004
101330
101320
101303
101302
101230
101203
101033
101032
101023
100430
100420
100403
100402
100340
100331
100322
100321
100313
100312
100304
100240
100232
100231
100223
100222
100213
100204
100133
100132
100123
100043
100042
100034
100024
44000
43100
43010
43001
42200
42100
42020
42010
42002
42001
41300
41200
41030
41020
41003
41002
40400
40310
40301
40220
40210
40202
40201
40130
40120
40103
40102
40040
40031
40022
40021
40013
40012
40004
34100
34010
34001
33110
33101
33011
32210
32201
32120
32110
32102
32101
32021
32012
32011
31400
31310
31301
31220
31210
31202
31201
31130
31120
31103
31102
31040
31031
31022
31021
31013
31012
31004
30410
30401
30311
30221
30212
30211
30140
30131
30122
30121
30113
30112
30104
30041
30014
24200
24100
24020
24010
24002
24001
23210
23201
23120
23110
23102
23101
23021
23012
23011
22400
22310
22301
22220
22210
22202
22201
22130
22120
22103
22102
22040
22031
22022
22021
22013
22012
22004
21400
21320
21310
21302
21301
21230
21220
21203
21202
21130
21103
21040
21032
21031
21023
21022
21013
21004
20420
20410
20402
20401
20321
20312
20311
20240
20231
20222
20221
20213
20212
20204
20140
20132
20131
20123
20122
20113
20104
20042
20041
20024
20014
14300
14200
14030
14020
14003
14002
13400
13310
13301
13220
13210
13202
13201
13130
13120
13103
13102
13040
13031
13022
13021
13013
13012
13004
12400
12320
12310
12302
12301
12230
12220
12203
12202
12130
12103
12040
12032
12031
12023
12022
12013
12004
11330
11320
11303
11302
11230
11203
11033
11032
11023
10430
10420
10403
10402
10340
10331
10322
10321
10313
10312
10304
10240
10232
10231
10223
10222
10213
10204
10133
10132
10123
10043
10042
10034
10024
4400
4310
4301
4220
4210
4202
4201
4130
4120
4103
4102
4040
4031
4022
4021
4013
4012
4004
3410
3401
3311
3221
3212
3211
3140
3131
3122
3121
3113
3112
3104
3041
3014
2420
2410
2402
2401
2321
2312
2311
2240
2231
2222
2221
2213
2212
2204
2140
2132
2131
2123
2122
2113
2104
2042
2041
2024
2014
1430
1420
1403
1402
1340
1331
1322
1321
1313
1312
1304
1240
1232
1231
1223
1222
1213
1204
1133
1132
1123
1043
1042
1034
1024
440
431
422
421
413
412
404
341
314
242
241
224
214
143
142
134
124
44
