210010010
210010001
210001001
201001001
120010010
120010001
120001001
102001001
100210010
100210001
100201001
100120010
100120001
100102001
100100210
100100201
100100120
100100102
100100021
100100012
100021001
100012001
100010021
100010012
21001001
12001001
10021001
10012001
10010021
10010012
420010010
420010001
420001001
402001001
400210010
400210001
400201001
400120010
400120001
400102001
400100210
400100201
400100120
400100102
400100021
400100012
400021001
400012001
400010021
400010012
321001001
312001001
310021001
310012001
310010021
310010012
231001001
213001001
211021001
211012001
211010021
211010012
132001001
123001001
121021001
121012001
121010021
121010012
240010010
240010001
240001001
220210010
220210001
220201001
220120010
220120001
220102001
220100210
220100201
220100120
220100102
220100021
220100012
220021001
220012001
220010021
220010012
210310010
210310001
210301001
210121001
210112001
210220010
210220001
210202001
210200210
210200201
210200120
210200102
210200021
210200012
210110021
210110012
210040010
210040001
210031001
210021101
210012101
210022010
210022001
210021020
210021002
210021011
210020210
210020201
210020120
210020102
210020021
210020012
210013010
210013001
210012020
210012002
210011012
210010310
210010301
210010121
210010112
210010220
210010202
210010040
210010031
210010022
210012011
210010013
210010004
210011021
210004001
210002201
210002102
210002021
210002012
210001301
210001202
210001031
210001022
210001004
204001001
202201001
202102001
202100210
202100201
202100120
202100102
202100021
202100012
202021001
202012001
202010021
202010012
201301001
201202001
201200210
201200201
201200120
201200102
201200021
201200012
201031001
201022001
201020021
201020012
201004001
201002201
201002102
201002021
201002012
201001301
201001202
201001031
201001022
201001004
200210021
200210012
200120021
200120012
130210010
130210001
130201001
130120010
130120001
130102001
130100210
130100201
130100120
130100102
130100021
130100012
130021001
130012001
130010021
130010012
120310010
120310001
120301001
120121001
120112001
120220100
120220010
120220001
120210110
120210101
120202100
120202010
120202001
120201101
120201011
120200210
120200201
120200120
120200102
120200021
120200012
120210011
120110210
120110201
120110021
120110012
120101201
120101021
120040010
120040001
120031001
120021101
120012101
120022010
120022001
120021020
120021002
120021011
120020210
120020201
120020120
120020102
120020021
120020012
120013010
120013001
120012020
120012002
120011012
120010310
120010301
120010121
120010112
120010220
120010202
120010040
120010031
120010022
120012011
120010013
120010004
120011021
120004001
120002201
120002102
120002021
120002012
120001301
120001202
120001031
120001022
120001004
110210021
110210012
110120210
110120201
110120021
110120012
110102201
110102021
103201001
103102001
103100210
103100201
103100120
103100102
103100021
103100012
103021001
103012001
103010021
103010012
101210021
101210012
101120021
101120012
102301001
102202100
102202010
102202001
102201101
102201011
102200210
102200201
102200120
102200102
102200021
102200012
102101201
102101021
102031001
102022010
102022001
102021011
102020210
102020201
102020021
102020012
102011021
102004001
102002201
102002102
102002021
102002012
102001301
102001202
102001031
102001022
102001004
101102201
101102021
101012021
100420010
100420001
100402001
100400210
100400201
100400120
100400102
100400021
100400012
100321001
100312001
100310021
100310012
100231001
100213001
100211021
100211012
100132001
100123001
100121021
100121012
100240010
100240001
100220210
100220201
100220120
100220102
100220021
100220012
100210310
100210301
100210121
100210112
100210220
100210202
100210040
100210031
100210022
100210013
100210004
100204001
100202201
100202102
100202021
100202012
100201301
100201202
100201031
100201022
100201004
100130210
100130201
100130120
100130102
100130021
100130012
100120310
100120301
100120121
100120112
100120220
100120202
100120040
100120031
100120022
100120013
100120004
100103201
100103102
100103021
100103012
100102301
100102202
100102031
100102022
100102004
100100420
100100402
100100321
100100312
100100231
100100213
100100132
100100123
100100240
100100204
100100042
100100024
100042001
100040021
100040012
100024001
100022021
100022012
100021031
100021022
100021004
100013021
100013012
100012031
100012022
100012004
100010042
100010024
110012021
42001001
40021001
40012001
40010021
40010012
24001001
22021001
22012001
22010021
22010012
21031001
21022001
21020021
21020012
21004001
21002201
21002102
21002021
21002012
21001301
21001202
21001031
21001022
21001004
20210021
20210012
20120021
20120012
13021001
13012001
13010021
13010012
12031001
12022010
12022001
12021011
12020210
12020201
12020021
12020012
12011021
12004001
12002201
12002102
12002021
12002012
12001301
12001202
12001031
12001022
12001004
11012021
10310021
10310012
10220210
10220201
10220021
10220012
10202201
10202021
10042001
10040021
10040012
10024001
10022021
10022012
10021031
10021022
10021004
10013021
10013012
10012031
10012022
10012004
10010042
10010024
1202201
1202021
1022021
