100100000
100010000
100001000
100000100
100000010
100000001
10010000
10001000
10000100
10000010
10000001
1001000
1000100
1000010
1000001
100100
100010
100001
10010
10001
1001
400100000
400010000
400001000
400000100
400000010
400000001
310010000
310001000
310000100
310000010
310000001
301001000
301000100
301000010
301000001
300100100
300100010
300100001
300010010
300010001
300001001
211010000
211001000
211000100
211000010
211000001
121010000
121001000
121000100
121000010
121000001
112001000
112000100
112000010
112000001
111100100
111100010
111100001
111010010
111010001
111001001
220100000
220010000
220001000
220000100
220000010
220000001
210200000
210110000
210101000
210020000
210011000
210010100
210002000
210001100
210001010
210000200
210000110
210000101
210000020
210000011
210000002
210100100
210100010
210100001
202100000
202010000
202001000
202000100
202000010
202000001
201200000
201101000
201020000
201011000
201010100
201002000
201001100
201001010
201000200
201000110
201000101
201000020
201000011
201000002
201100100
201100010
201100001
201010010
201010001
200210000
200201000
200200100
200200010
200200001
200120000
200110100
200102000
200101100
200101010
200100200
200100110
200100101
200100020
200100011
200100002
200110010
200110001
200101001
200021000
200020100
200020010
200020001
200012000
200011010
200010200
200010110
200010101
200010020
200010011
200010002
200011001
200002100
200002010
200002001
200001200
200001101
200001020
200001011
200001002
200000210
200000201
200000120
200000102
200000021
200000012
130100000
130010000
130001000
130000100
130000010
130000001
120200000
120110000
120101000
120020000
120011000
120010100
120002000
120001100
120001010
120000200
120000110
120000101
120000020
120000011
120000002
110210000
110201000
110120000
110110100
110102000
110101100
110101010
110100200
110100110
110100101
110100020
110100011
110100002
103100000
103010000
103001000
103000100
103000010
103000001
101210000
101120000
101110100
101110010
101110001
102200000
102101000
102020000
102011000
102010100
102002000
102001100
102001010
102000200
102000110
102000101
102000020
102000011
102000002
101201000
101102000
101101100
101101010
101100200
101100110
101100101
101100020
101100011
101100002
101021000
101020100
101012000
101011010
101010200
101010110
101010101
101010020
101010011
101010002
100400000
100310000
100301000
100300100
100300010
100300001
100211000
100121000
100112000
100111100
100111010
100111001
100220000
100210100
100202000
100201100
100201010
100200200
100200110
100200101
100200020
100200011
100200002
100130000
100103000
100101110
100100300
100100111
100100030
100100003
100120100
100110200
100110110
100110101
100110020
100110011
100110002
100102100
100102010
100101200
100101101
100101020
100101011
100101002
100040000
100031000
100030100
100030010
100030001
100021100
100012100
100011200
100011110
100011101
100022000
100021010
100020200
100020110
100020101
100020020
100020011
100020002
100013000
100010300
100010111
100010030
100010003
100012010
100011020
100011011
100011002
100010210
100010201
100010120
100010102
100004000
100003100
100003010
100003001
100002110
100001210
100001120
100001111
100002200
100002101
100002020
100002011
100002002
100001300
100001030
100001003
100001201
100001102
100001021
100001012
100000400
100000310
100000301
100000211
100000121
100000112
100000220
100000202
100000130
100000103
100000040
100000031
100000022
100000013
100000004
120100100
120100010
120100001
110200100
110200010
110200001
110110010
110110001
110101001
110021000
110020100
110020010
110020001
110012000
110011010
110010200
110010110
110010101
110010020
110010011
110010002
110011001
110002100
110002010
110002001
110001200
110001101
110001020
110001011
110001002
110000210
110000201
110000120
110000102
110000021
110000012
102100100
102100010
102100001
102010010
102010001
101200100
101200010
101200001
101101001
101020010
101020001
101011001
101002100
101002010
101002001
101001200
101001101
101001020
101001011
101001002
101000210
101000201
101000120
101000102
101000021
101000012
40010000
40001000
40000100
40000010
40000001
31001000
31000100
31000010
31000001
30100100
30100010
30100001
30010010
30010001
30001001
21101000
21100100
21100010
21100001
12101000
12100100
12100010
12100001
11200100
11200010
11200001
11110010
11110001
11101001
22010000
22001000
22000100
22000010
22000001
21020000
21011000
21010100
21002000
21001100
21001010
21000200
21000110
21000101
21000020
21000011
21000002
21010010
21010001
20210000
20201000
20200100
20200010
20200001
20120000
20110100
20102000
20101100
20101010
20100200
20100110
20100101
20100020
20100011
20100002
20110010
20110001
20101001
20021000
20020100
20020010
20020001
20012000
20011010
20010200
20010110
20010101
20010020
20010011
20010002
20011001
20002100
20002010
20002001
20001200
20001101
20001020
20001011
20001002
20000210
20000201
20000120
20000102
20000021
20000012
13010000
13001000
13000100
13000010
13000001
12020000
12011000
12010100
12002000
12001100
12001010
12000200
12000110
12000101
12000020
12000011
12000002
11021000
11020100
11012000
11011010
11010200
11010110
11010101
11010020
11010011
11010002
10310000
10301000
10300100
10300010
10300001
10121000
10112000
10111010
10111001
10220000
10210100
10202000
10201100
10201010
10200200
10200110
10200101
10200020
10200011
10200002
10120100
10110200
10110110
10110101
10110020
10110011
10110002
10102100
10102010
10101200
10101101
10101020
10101011
10101002
10040000
10031000
10030100
10030010
10030001
10021100
10012100
10011200
10011110
10011101
10022000
10021010
10020200
10020110
10020101
10020020
10020011
10020002
10013000
10010300
10010111
10010030
10010003
10012010
10011020
10011011
10011002
10010210
10010201
10010120
10010102
10004000
10003100
10003010
10003001
10002110
10001210
10001120
10001111
10002200
10002101
10002020
10002011
10002002
10001300
10001030
10001003
10001201
10001102
10001021
10001012
10000400
10000310
10000301
10000211
10000121
10000112
10000220
10000202
10000130
10000103
10000040
10000031
10000022
10000013
10000004
12010010
12010001
11020010
11020001
11011001
11002100
11002010
11002001
11001200
11001101
11001020
11001011
11001002
11000210
11000201
11000120
11000102
11000021
11000012
10210010
10210001
10201001
10120010
10120001
10102001
10100210
10100201
10100120
10100102
10100021
10100012
4001000
4000100
4000010
4000001
3100100
3100010
3100001
3010010
3010001
3001001
2110100
2110010
2110001
1210100
1210010
1210001
1120010
1120001
1111001
2201000
2200100
2200010
2200001
2102000
2101100
2101010
2100200
2100110
2100101
2100020
2100011
2100002
2101001
2021000
2020100
2020010
2020001
2012000
2011010
2010200
2010110
2010101
2010020
2010011
2010002
2011001
2002100
2002010
2002001
2001200
2001101
2001020
2001011
2001002
2000210
2000201
2000120
2000102
2000021
2000012
1301000
1300100
1300010
1300001
1202000
1201100
1201010
1200200
1200110
1200101
1200020
1200011
1200002
1102100
1102010
1101200
1101101
1101020
1101011
1101002
1031000
1030100
1030010
1030001
1012100
1011200
1011101
1022000
1021010
1020200
1020110
1020101
1020020
1020011
1020002
1012010
1011020
1011011
1011002
1010210
1010201
1010120
1010102
1004000
1003100
1003010
1003001
1002110
1001210
1001120
1001111
1002200
1002101
1002020
1002011
1002002
1001300
1001030
1001003
1001201
1001102
1001021
1001012
1000400
1000310
1000301
1000211
1000121
1000112
1000220
1000202
1000130
1000103
1000040
1000031
1000022
1000013
1000004
1201001
1102001
1100210
1100201
1100120
1100102
1100021
1100012
1021001
1012001
1010021
1010012
400100
400010
400001
310010
310001
301001
211010
211001
121010
121001
112001
220100
220010
220001
210200
210110
210101
210020
210011
210002
202100
202010
202001
201200
201101
201020
201011
201002
200210
200201
200120
200102
200021
200012
130100
130010
130001
120200
120110
120101
120020
120011
120002
110210
110201
110120
110102
103100
103010
103001
101210
101120
102200
102101
102020
102011
102002
101201
101102
101021
101012
100400
100310
100301
100211
100121
100112
100220
100202
100130
100103
100040
100031
100022
100013
100004
110021
110012
40010
40001
31001
21101
12101
22010
22001
21020
21011
21002
20210
20201
20120
20102
20021
20012
13010
13001
12020
12011
12002
11021
11012
10310
10301
10121
10112
10220
10202
10040
10031
10022
10013
10004
4001
2201
2102
2021
2012
1301
1202
1031
1022
1004
421010000
421001000
421000100
421000010
421000001
412001000
412000100
412000010
412000001
411100100
411100010
411100001
411010010
411010001
411001001
430100000
430010000
430001000
430000100
430000010
430000001
420200000
420110000
420101000
420020000
420011000
420010100
420002000
420001100
420001010
420000200
420000110
420000101
420000020
420000011
420000002
410210000
410201000
410120000
410110100
410102000
410101100
410101010
410100200
410100110
410100101
410100020
410100011
410100002
403100000
403010000
403001000
403000100
403000010
403000001
401210000
401120000
401110100
401110010
401110001
402200000
402101000
402020000
402011000
402010100
402002000
402001100
402001010
402000200
402000110
402000101
402000020
402000011
402000002
401201000
401102000
401101100
401101010
401100200
401100110
401100101
401100020
401100011
401100002
401021000
401020100
401012000
401011010
401010200
401010110
401010101
401010020
401010011
401010002
400400000
400310000
400301000
400300100
400300010
400300001
400211000
400121000
400112000
400111100
400111010
400111001
400220000
400210100
400202000
400201100
400201010
400200200
400200110
400200101
400200020
400200011
400200002
400130000
400103000
400101110
400100300
400100111
400100030
400100003
400120100
400110200
400110110
400110101
400110020
400110011
400110002
400102100
400102010
400101200
400101101
400101020
400101011
400101002
400040000
400031000
400030100
400030010
400030001
400021100
400012100
400011200
400011110
400011101
400022000
400021010
400020200
400020110
400020101
400020020
400020011
400020002
400013000
400010300
400010111
400010030
400010003
400012010
400011020
400011011
400011002
400010210
400010201
400010120
400010102
400004000
400003100
400003010
400003001
400002110
400001210
400001120
400001111
400002200
400002101
400002020
400002011
400002002
400001300
400001030
400001003
400001201
400001102
400001021
400001012
400000400
400000310
400000301
400000211
400000121
400000112
400000220
400000202
400000130
400000103
400000040
400000031
400000022
400000013
400000004
420100100
420100010
420100001
410200100
410200010
410200001
410110010
410110001
410101001
410021000
410020100
410020010
410020001
410012000
410011010
410010200
410010110
410010101
410010020
410010011
410010002
410011001
410002100
410002010
410002001
410001200
410001101
410001020
410001011
410001002
410000210
410000201
410000120
410000102
410000021
410000012
402100100
402100010
402100001
402010010
402010001
401200100
401200010
401200001
401101001
401020010
401020001
401011001
401002100
401002010
401002001
401001200
401001101
401001020
401001011
401001002
401000210
401000201
401000120
401000102
401000021
401000012
340010000
340001000
340000100
340000010
340000001
331001000
331000100
331000010
331000001
330100100
330100010
330100001
330010010
330010001
330001001
321101000
321100100
321100010
321100001
312101000
312100100
312100010
312100001
311200100
311200010
311200001
311110010
311110001
311101001
322010000
322001000
322000100
322000010
322000001
321020000
321011000
321010100
321002000
321001100
321001010
321000200
321000110
321000101
321000020
321000011
321000002
321010010
321010001
320210000
320201000
320200100
320200010
320200001
320120000
320110100
320102000
320101100
320101010
320100200
320100110
320100101
320100020
320100011
320100002
320110010
320110001
320101001
320021000
320020100
320020010
320020001
320012000
320011010
320010200
320010110
320010101
320010020
320010011
320010002
320011001
320002100
320002010
320002001
320001200
320001101
320001020
320001011
320001002
320000210
320000201
320000120
320000102
320000021
320000012
313010000
313001000
313000100
313000010
313000001
312020000
312011000
312010100
312002000
312001100
312001010
312000200
312000110
312000101
312000020
312000011
312000002
311021000
311020100
311012000
311011010
311010200
311010110
311010101
311010020
311010011
311010002
310310000
310301000
310300100
310300010
310300001
310121000
310112000
310111010
310111001
310220000
310210100
310202000
310201100
310201010
310200200
310200110
310200101
310200020
310200011
310200002
310120100
310110200
310110110
310110101
310110020
310110011
310110002
310102100
310102010
310101200
310101101
310101020
310101011
310101002
310040000
310031000
310030100
310030010
310030001
310021100
310012100
310011200
310011110
310011101
310022000
310021010
310020200
310020110
310020101
310020020
310020011
310020002
310013000
310010300
310010111
310010030
310010003
310012010
310011020
310011011
310011002
310010210
310010201
310010120
310010102
310004000
310003100
310003010
310003001
310002110
310001210
310001120
310001111
310002200
310002101
310002020
310002011
310002002
310001300
310001030
310001003
310001201
310001102
310001021
310001012
310000400
310000310
310000301
310000211
310000121
310000112
310000220
310000202
310000130
310000103
310000040
310000031
310000022
310000013
310000004
312010010
312010001
311020010
311020001
311011001
311002100
311002010
311002001
311001200
311001101
311001020
311001011
311001002
311000210
311000201
311000120
311000102
311000021
311000012
310210010
310210001
310201001
310120010
310120001
310102001
310100210
310100201
310100120
310100102
310100021
310100012
304001000
304000100
304000010
304000001
303100100
303100010
303100001
303010010
303010001
303001001
302110100
302110010
302110001
301210100
301210010
301210001
301120010
301120001
301111001
302201000
302200100
302200010
302200001
302102000
302101100
302101010
302100200
302100110
302100101
302100020
302100011
302100002
302101001
302021000
302020100
302020010
302020001
302012000
302011010
302010200
302010110
302010101
302010020
302010011
302010002
302011001
302002100
302002010
302002001
302001200
302001101
302001020
302001011
302001002
302000210
302000201
302000120
302000102
302000021
302000012
301301000
301300100
301300010
301300001
301202000
301201100
301201010
301200200
301200110
301200101
301200020
301200011
301200002
301102100
301102010
301101200
301101101
301101020
301101011
301101002
301031000
301030100
301030010
301030001
301012100
301011200
301011101
301022000
301021010
301020200
301020110
301020101
301020020
301020011
301020002
301012010
301011020
301011011
301011002
301010210
301010201
301010120
301010102
301004000
301003100
301003010
301003001
301002110
301001210
301001120
301001111
301002200
301002101
301002020
301002011
301002002
301001300
301001030
301001003
301001201
301001102
301001021
301001012
301000400
301000310
301000301
301000211
301000121
301000112
301000220
301000202
301000130
301000103
301000040
301000031
301000022
301000013
301000004
301201001
301102001
301100210
301100201
301100120
301100102
301100021
301100012
301021001
301012001
301010021
301010012
300400100
300400010
300400001
300310010
300310001
300301001
300211010
300211001
300121010
300121001
300112001
300220100
300220010
300220001
300210200
300210110
300210101
300210020
300210011
300210002
300202100
300202010
300202001
300201200
300201101
300201020
300201011
300201002
300200210
300200201
300200120
300200102
300200021
300200012
300130100
300130010
300130001
300120200
300120110
300120101
300120020
300120011
300120002
300110210
300110201
300110120
300110102
300103100
300103010
300103001
300101210
300101120
300102200
300102101
300102020
300102011
300102002
300101201
300101102
300101021
300101012
300100400
300100310
300100301
300100211
300100121
300100112
300100220
300100202
300100130
300100103
300100040
300100031
300100022
300100013
300100004
300110021
300110012
300040010
300040001
300031001
300021101
300012101
300022010
300022001
300021020
300021011
300021002
300020210
300020201
300020120
300020102
300020021
300020012
300013010
300013001
300012020
300012011
300012002
300011021
300011012
300010310
300010301
300010121
300010112
300010220
300010202
300010040
300010031
300010022
300010013
300010004
300004001
300002201
300002102
300002021
300002012
300001301
300001202
300001031
300001022
300001004
232010000
232001000
232000100
232000010
232000001
223001000
223000100
223000010
223000001
222100100
222100010
222100001
222010010
222010001
222001001
241010000
241001000
241000100
241000010
241000001
231200000
231101000
231020000
231011000
231010100
231002000
231001100
231001010
231000200
231000110
231000101
231000020
231000011
231000002
221210000
221201000
221120000
221110100
221102000
221101100
221101010
221100200
221100110
221100101
221100020
221100011
221100002
214010000
214001000
214000100
214000010
214000001
212120000
212110100
212110010
212110001
213200000
213101000
213020000
213011000
213010100
213002000
213001100
213001010
213000200
213000110
213000101
213000020
213000011
213000002
212201000
212102000
212101100
212101010
212100200
212100110
212100101
212100020
212100011
212100002
212021000
212020100
212012000
212011010
212010200
212010110
212010101
212010020
212010011
212010002
211310000
211301000
211300100
211300010
211300001
211121000
211112000
211111010
211111001
211220000
211210100
211202000
211201100
211201010
211200200
211200110
211200101
211200020
211200011
211200002
211120100
211110200
211110110
211110101
211110020
211110011
211110002
211102100
211102010
211101200
211101101
211101020
211101011
211101002
211040000
211031000
211030100
211030010
211030001
211021100
211012100
211011200
211011110
211011101
211022000
211021010
211020200
211020110
211020101
211020020
211020011
211020002
211013000
211010300
211010111
211010030
211010003
211012010
211011020
211011011
211011002
211010210
211010201
211010120
211010102
211004000
211003100
211003010
211003001
211002110
211001210
211001120
211001111
211002200
211002101
211002020
211002011
211002002
211001300
211001030
211001003
211001201
211001102
211001021
211001012
211000400
211000310
211000301
211000211
211000121
211000112
211000220
211000202
211000130
211000103
211000040
211000031
211000022
211000013
211000004
231100100
231100010
231100001
221200100
221200010
221200001
221110010
221110001
221101001
221021000
221020100
221020010
221020001
221012000
221011010
221010200
221010110
221010101
221010020
221010011
221010002
221011001
221002100
221002010
221002001
221001200
221001101
221001020
221001011
221001002
221000210
221000201
221000120
221000102
221000021
221000012
213100100
213100010
213100001
213010010
213010001
212200100
212200010
212200001
212101001
212020010
212020001
212011001
212002100
212002010
212002001
212001200
212001101
212001020
212001011
212001002
212000210
212000201
212000120
212000102
212000021
212000012
142001000
142000100
142000010
142000001
141100100
141100010
141100001
141010010
141010001
141001001
132101000
132100100
132100010
132100001
123101000
123100100
123100010
123100001
122200100
122200010
122200001
122110010
122110001
122101001
133010000
133001000
133000100
133000010
133000001
132020000
132011000
132010100
132002000
132001100
132001010
132000200
132000110
132000101
132000020
132000011
132000002
132010010
132010001
131210000
131201000
131200100
131200010
131200001
131120000
131110100
131102000
131101100
131101010
131100200
131100110
131100101
131100020
131100011
131100002
131110010
131110001
131101001
131021000
131020100
131020010
131020001
131012000
131011010
131010200
131010110
131010101
131010020
131010011
131010002
131011001
131002100
131002010
131002001
131001200
131001101
131001020
131001011
131001002
131000210
131000201
131000120
131000102
131000021
131000012
124010000
124001000
124000100
124000010
124000001
123020000
123011000
123010100
123002000
123001100
123001010
123000200
123000110
123000101
123000020
123000011
123000002
122021000
122020100
122012000
122011010
122010200
122010110
122010101
122010020
122010011
122010002
121310000
121301000
121300100
121300010
121300001
121121000
121112000
121111010
121111001
121220000
121210100
121202000
121201100
121201010
121200200
121200110
121200101
121200020
121200011
121200002
121120100
121110200
121110110
121110101
121110020
121110011
121110002
121102100
121102010
121101200
121101101
121101020
121101011
121101002
121040000
121031000
121030100
121030010
121030001
121021100
121012100
121011200
121011110
121011101
121022000
121021010
121020200
121020110
121020101
121020020
121020011
121020002
121013000
121010300
121010111
121010030
121010003
121012010
121011020
121011011
121011002
121010210
121010201
121010120
121010102
121004000
121003100
121003010
121003001
121002110
121001210
121001120
121001111
121002200
121002101
121002020
121002011
121002002
121001300
121001030
121001003
121001201
121001102
121001021
121001012
121000400
121000310
121000301
121000211
121000121
121000112
121000220
121000202
121000130
121000103
121000040
121000031
121000022
121000013
121000004
123010010
123010001
122020010
122020001
122011001
122002100
122002010
122002001
122001200
122001101
122001020
122001011
122001002
122000210
122000201
122000120
122000102
122000021
122000012
121210010
121210001
121201001
121120010
121120001
121102001
121100210
121100201
121100120
121100102
121100021
121100012
114100100
114100010
114100001
114010010
114010001
114001001
113110100
113110010
113110001
112210100
112210010
112210001
112120010
112120001
112111001
113201000
113200100
113200010
113200001
113102000
113101100
113101010
113100200
113100110
113100101
113100020
113100011
113100002
113101001
113021000
113020100
113020010
113020001
113012000
113011010
113010200
113010110
113010101
113010020
113010011
113010002
113011001
113002100
113002010
113002001
113001200
113001101
113001020
113001011
113001002
113000210
113000201
113000120
113000102
113000021
113000012
112301000
112300100
112300010
112300001
112202000
112201100
112201010
112200200
112200110
112200101
112200020
112200011
112200002
112102100
112102010
112101200
112101101
112101020
112101011
112101002
112031000
112030100
112030010
112030001
112012100
112011200
112011101
112022000
112021010
112020200
112020110
112020101
112020020
112020011
112020002
112012010
112011020
112011011
112011002
112010210
112010201
112010120
112010102
112004000
112003100
112003010
112003001
112002110
112001210
112001120
112001111
112002200
112002101
112002020
112002011
112002002
112001300
112001030
112001003
112001201
112001102
112001021
112001012
112000400
112000310
112000301
112000211
112000121
112000112
112000220
112000202
112000130
112000103
112000040
112000031
112000022
112000013
112000004
112201001
112102001
112100210
112100201
112100120
112100102
112100021
112100012
112021001
112012001
112010021
112010012
111400100
111400010
111400001
111310010
111310001
111301001
111211010
111211001
111121010
111121001
111112001
111220100
111220010
111220001
111210200
111210110
111210101
111210020
111210011
111210002
111202100
111202010
111202001
111201200
111201101
111201020
111201011
111201002
111200210
111200201
111200120
111200102
111200021
111200012
111130100
111130010
111130001
111120200
111120110
111120101
111120020
111120011
111120002
111110210
111110201
111110120
111110102
111103100
111103010
111103001
111101210
111101120
111102200
111102101
111102020
111102011
111102002
111101201
111101102
111101021
111101012
111100400
111100310
111100301
111100211
111100121
111100112
111100220
111100202
111100130
111100103
111100040
111100031
111100022
111100013
111100004
111110021
111110012
111040010
111040001
111031001
111021101
111012101
111022010
111022001
111021020
111021011
111021002
111020210
111020201
111020120
111020102
111020021
111020012
111013010
111013001
111012020
111012011
111012002
111011021
111011012
111010310
111010301
111010121
111010112
111010220
111010202
111010040
111010031
111010022
111010013
111010004
111004001
111002201
111002102
111002021
111002012
111001301
111001202
111001031
111001022
111001004
240200000
240110000
240101000
240020000
240011000
240010100
240002000
240001100
240001010
240000200
240000110
240000101
240000020
240000011
240000002
240100100
240100010
240100001
231010010
231010001
230210000
230201000
230200100
230200010
230200001
230120000
230110100
230102000
230101100
230101010
230100200
230100110
230100101
230100020
230100011
230100002
230110010
230110001
230101001
230021000
230020100
230020010
230020001
230012000
230011010
230010200
230010110
230010101
230010020
230010011
230010002
230011001
230002100
230002010
230002001
230001200
230001101
230001020
230001011
230001002
230000210
230000201
230000120
230000102
230000021
230000012
211210010
211210001
211201001
211120010
211120001
211102001
211100210
211100201
211100120
211100102
211100021
211100012
220400000
220310000
220301000
220300100
220300010
220300001
220211000
220121000
220112000
220111100
220111010
220111001
220220000
220210100
220202000
220201100
220201010
220200200
220200110
220200101
220200020
220200011
220200002
220130000
220103000
220101110
220100300
220100111
220100030
220100003
220120100
220110200
220110110
220110101
220110020
220110011
220110002
220102100
220102010
220101200
220101101
220101020
220101011
220101002
220040000
220031000
220030100
220030010
220030001
220021100
220012100
220011200
220011110
220011101
220022000
220021010
220020200
220020110
220020101
220020020
220020011
220020002
220013000
220010300
220010111
220010030
220010003
220012010
220011020
220011011
220011002
220010210
220010201
220010120
220010102
220004000
220003100
220003010
220003001
220002110
220001210
220001120
220001111
220002200
220002101
220002020
220002011
220002002
220001300
220001030
220001003
220001201
220001102
220001021
220001012
220000400
220000310
220000301
220000211
220000121
220000112
220000220
220000202
220000130
220000103
220000040
220000031
220000022
220000013
220000004
210410000
210401000
210320000
210311000
210310100
210302000
210301100
210301010
210300200
210300110
210300101
210300020
210300011
210300002
210221000
210212000
210131000
210122000
210121100
210113000
210112100
210112010
210111200
210111110
210111101
210111020
210111011
210111002
210230000
210211100
210203000
210201110
210200300
210200111
210200030
210200003
210140000
210110300
210110111
210110030
210110003
210104000
210102110
210101300
210101111
210101030
210101003
210041000
210040100
210032000
210031100
210031010
210030200
210030110
210030101
210030020
210030011
210030002
210022100
210021200
210013100
210012200
210012110
210011300
210011210
210011201
210011120
210011111
210011102
210023000
210021110
210020300
210020111
210020030
210020003
210014000
210011030
210011003
210010400
210010211
210010130
210010103
210004100
210004010
210003200
210003110
210003101
210003020
210003011
210003002
210002210
210002120
210001310
210001220
210001211
210001130
210001121
210001112
210002300
210002111
210002030
210002003
210001400
210001103
210001040
210001013
210000410
210000401
210000320
210000311
210000302
210000221
210000212
210000131
210000122
210000113
210000230
210000203
210000140
210000104
210000041
210000032
210000023
210000014
210400100
210400010
210400001
210211010
210211001
210220100
210210200
210210110
210210101
210210020
210210011
210210002
210202100
210202010
210201200
210201101
210201020
210201011
210201002
210130100
210130010
210130001
210121010
210120200
210120110
210120101
210120020
210120011
210120002
210110210
210110201
210110120
210110102
210103100
210103010
210103001
210101210
210101120
210102200
210102101
210102020
210102011
210102002
210101201
210101102
210101021
210101012
210100400
210100310
210100301
210100211
210100121
210100112
210100220
210100202
210100130
210100103
210100040
210100031
210100022
210100013
210100004
204200000
204101000
204020000
204011000
204010100
204002000
204001100
204001010
204000200
204000110
204000101
204000020
204000011
204000002
204100100
204100010
204100001
204010010
204010001
203210000
203201000
203200100
203200010
203200001
203120000
203110100
203102000
203101100
203101010
203100200
203100110
203100101
203100020
203100011
203100002
203110010
203110001
203101001
203021000
203020100
203020010
203020001
203012000
203011010
203010200
203010110
203010101
203010020
203010011
203010002
203011001
203002100
203002010
203002001
203001200
203001101
203001020
203001011
203001002
203000210
203000201
203000120
203000102
203000021
203000012
202310000
202211000
202130000
202121000
202120100
202112000
202111100
202111010
202110200
202110110
202110101
202110020
202110011
202110002
202210100
202210010
202210001
202120010
202120001
201320000
201311000
201310100
201310010
201310001
201230000
201220100
201212000
201211100
201211010
201210200
201210110
201210101
201210020
201210011
201210002
201220010
201220001
201211001
201131000
201130100
201130010
201130001
201122000
201121010
201120200
201120110
201120101
201120020
201120011
201120002
201121001
201112100
201112010
201112001
201111200
201111101
201111020
201111011
201111002
201110210
201110201
201110120
201110102
201110021
201110012
202400000
202301000
202300100
202300010
202300001
202111001
202202000
202201100
202201010
202200200
202200110
202200101
202200020
202200011
202200002
202103000
202101110
202100300
202100111
202100030
202100003
202102100
202102010
202101200
202101101
202101020
202101011
202101002
202040000
202031000
202030100
202030010
202030001
202021100
202012100
202011200
202011110
202011101
202022000
202021010
202020200
202020110
202020101
202020020
202020011
202020002
202013000
202010300
202010111
202010030
202010003
202012010
202011020
202011011
202011002
202010210
202010201
202010120
202010102
202004000
202003100
202003010
202003001
202002110
202001210
202001120
202001111
202002200
202002101
202002020
202002011
202002002
202001300
202001030
202001003
202001201
202001102
202001021
202001012
202000400
202000310
202000301
202000211
202000121
202000112
202000220
202000202
202000130
202000103
202000040
202000031
202000022
202000013
202000004
201401000
201302000
201301100
201301010
201300200
201300110
201300101
201300020
201300011
201300002
201203000
201201110
201200300
201200111
201200030
201200003
201104000
201102110
201101300
201101111
201101030
201101003
201041000
201040100
201032000
201031100
201031010
201030200
201030110
201030101
201030020
201030011
201030002
201022100
201021200
201013100
201012200
201012110
201011300
201011210
201011201
201011120
201011111
201011102
201023000
201021110
201020300
201020111
201020030
201020003
201014000
201011030
201011003
201010400
201010211
201010130
201010103
201004100
201004010
201003200
201003110
201003101
201003020
201003011
201003002
201002210
201002120
201001310
201001220
201001211
201001130
201001121
201001112
201002300
201002111
201002030
201002003
201001400
201001103
201001040
201001013
201000410
201000401
201000320
201000311
201000302
201000221
201000212
201000131
201000122
201000113
201000230
201000203
201000140
201000104
201000041
201000032
201000023
201000014
201400100
201400010
201400001
201202100
201202010
201201200
201201101
201201020
201201011
201201002
201103100
201103010
201103001
201101210
201101120
201102200
201102101
201102020
201102011
201102002
201101201
201101102
201101021
201101012
201100400
201100310
201100301
201100211
201100121
201100112
201100220
201100202
201100130
201100103
201100040
201100031
201100022
201100013
201100004
201040010
201040001
201021101
201022010
201021020
201021011
201021002
201020210
201020201
201020120
201020102
201013010
201013001
201012101
201012020
201012011
201012002
201011021
201011012
201010310
201010301
201010121
201010112
201010220
201010202
201010040
201010031
201010022
201010013
201010004
200420000
200410100
200402000
200401100
200401010
200400200
200400110
200400101
200400020
200400011
200400002
200410010
200410001
200401001
200321000
200320100
200320010
200320001
200312000
200311010
200310200
200310110
200310101
200310020
200310011
200310002
200311001
200302100
200302010
200302001
200301200
200301101
200301020
200301011
200301002
200300210
200300201
200300120
200300102
200300021
200300012
200231000
200221100
200213000
200212100
200212010
200211200
200211110
200211101
200211020
200211011
200211002
200221010
200221001
200212001
200132000
200131100
200131010
200131001
200123000
200122010
200121200
200121110
200121101
200121020
200121011
200121002
200122001
200113100
200113010
200113001
200112200
200112101
200112020
200112011
200112002
200111210
200111201
200111120
200111102
200111021
200111012
200240000
200230100
200230010
200230001
200220200
200220110
200220101
200220020
200220011
200220002
200210300
200210111
200210030
200210003
200210210
200210201
200210120
200210102
200204000
200203100
200203010
200203001
200202110
200201210
200201120
200201111
200202200
200202101
200202020
200202011
200202002
200201300
200201030
200201003
200201201
200201102
200201021
200201012
200200400
200200310
200200301
200200211
200200121
200200112
200200220
200200202
200200130
200200103
200200040
200200031
200200022
200200013
200200004
200140100
200130200
200130110
200130101
200130020
200130011
200130002
200120300
200120111
200120030
200120003
200110400
200110211
200110130
200110103
200104100
200104010
200103200
200103110
200103101
200103020
200103011
200103002
200102210
200102120
200101310
200101220
200101211
200101130
200101121
200101112
200102300
200102111
200102030
200102003
200101400
200101103
200101040
200101013
200100410
200100401
200100320
200100311
200100302
200100221
200100212
200100131
200100122
200100113
200100230
200100203
200100140
200100104
200100041
200100032
200100023
200100014
200140010
200140001
200120210
200120201
200120120
200120102
200110310
200110301
200110121
200110112
200110220
200110202
200110040
200110031
200110022
200110013
200110004
200104001
200102201
200102102
200102021
200102012
200101301
200101202
200101031
200101022
200101004
200042000
200041010
200040200
200040110
200040101
200040020
200040011
200040002
200041001
200032100
200032010
200032001
200031200
200031101
200031020
200031011
200031002
200030210
200030201
200030120
200030102
200030021
200030012
200023100
200022110
200021300
200021210
200021201
200021120
200021111
200021102
200022101
200013200
200013110
200013101
200012300
200012201
200012120
200012111
200012102
200011310
200011301
200011220
200011202
200011121
200011112
200024000
200023010
200023001
200022020
200022011
200022002
200021030
200021003
200021021
200021012
200020400
200020310
200020301
200020211
200020121
200020112
200020220
200020202
200020130
200020103
200020040
200020031
200020022
200020013
200020004
200014010
200013020
200013011
200013002
200012030
200012003
200011040
200011013
200010410
200010401
200010320
200010311
200010302
200010221
200010212
200010131
200010122
200010113
200010230
200010203
200010140
200010104
200010041
200010032
200010023
200010014
200014001
200012021
200012012
200011031
200011022
200011004
200004200
200004101
200004020
200004011
200004002
200003210
200003201
200003120
200003102
200003021
200003012
200002310
200002211
200002130
200002121
200002112
200001320
200001311
200001230
200001212
200001131
200001122
200002400
200002301
200002202
200002103
200002040
200002031
200002022
200002013
200002004
200001401
200001302
200001203
200001104
200001041
200001032
200001023
200001014
200000420
200000402
200000321
200000312
200000231
200000213
200000132
200000123
200000240
200000204
200000042
200000024
140210000
140201000
140120000
140110100
140102000
140101100
140101010
140100200
140100110
140100101
140100020
140100011
140100002
130400000
130310000
130301000
130300100
130300010
130300001
130211000
130121000
130112000
130111100
130111010
130111001
130220000
130210100
130202000
130201100
130201010
130200200
130200110
130200101
130200020
130200011
130200002
130130000
130103000
130101110
130100300
130100111
130100030
130100003
130120100
130110200
130110110
130110101
130110020
130110011
130110002
130102100
130102010
130101200
130101101
130101020
130101011
130101002
130040000
130031000
130030100
130030010
130030001
130021100
130012100
130011200
130011110
130011101
130022000
130021010
130020200
130020110
130020101
130020020
130020011
130020002
130013000
130010300
130010111
130010030
130010003
130012010
130011020
130011011
130011002
130010210
130010201
130010120
130010102
130004000
130003100
130003010
130003001
130002110
130001210
130001120
130001111
130002200
130002101
130002020
130002011
130002002
130001300
130001030
130001003
130001201
130001102
130001021
130001012
130000400
130000310
130000301
130000211
130000121
130000112
130000220
130000202
130000130
130000103
130000040
130000031
130000022
130000013
130000004
120410000
120401000
120320000
120311000
120310100
120302000
120301100
120301010
120300200
120300110
120300101
120300020
120300011
120300002
120221000
120212000
120131000
120122000
120121100
120113000
120112100
120112010
120111200
120111110
120111101
120111020
120111011
120111002
120230000
120211100
120203000
120201110
120200300
120200111
120200030
120200003
120140000
120110300
120110111
120110030
120110003
120104000
120102110
120101300
120101111
120101030
120101003
120041000
120040100
120032000
120031100
120031010
120030200
120030110
120030101
120030020
120030011
120030002
120022100
120021200
120013100
120012200
120012110
120011300
120011210
120011201
120011120
120011111
120011102
120023000
120021110
120020300
120020111
120020030
120020003
120014000
120011030
120011003
120010400
120010211
120010130
120010103
120004100
120004010
120003200
120003110
120003101
120003020
120003011
120003002
120002210
120002120
120001310
120001220
120001211
120001130
120001121
120001112
120002300
120002111
120002030
120002003
120001400
120001103
120001040
120001013
120000410
120000401
120000320
120000311
120000302
120000221
120000212
120000131
120000122
120000113
120000230
120000203
120000140
120000104
120000041
120000032
120000023
120000014
110420000
110410100
110402000
110401100
110401010
110400200
110400110
110400101
110400020
110400011
110400002
110321000
110312000
110231000
110221100
110213000
110212100
110212010
110211200
110211110
110211101
110211020
110211011
110211002
110240000
110210300
110210111
110210030
110210003
110204000
110202110
110201300
110201111
110201030
110201003
110140100
110132000
110131100
110131010
110130200
110130110
110130101
110130020
110130011
110130002
110121200
110113100
110112200
110111210
110111201
110111120
110111102
110123000
110121110
110120300
110120111
110120030
110120003
110110400
110110211
110110130
110110103
110104100
110104010
110103200
110103110
110103101
110103020
110103011
110103002
110102210
110102120
110101310
110101220
110101211
110101130
110101121
110101112
110102300
110102111
110102030
110102003
110101400
110101103
110101040
110101013
110100410
110100401
110100320
110100311
110100302
110100221
110100212
110100131
110100122
110100113
110100230
110100203
110100140
110100104
110100041
110100032
110100023
110100014
104210000
104120000
104110100
104110010
104110001
104201000
104102000
104101100
104101010
104100200
104100110
104100101
104100020
104100011
104100002
104021000
104020100
104012000
104011010
104010200
104010110
104010101
104010020
104010011
104010002
103400000
103310000
103301000
103300100
103300010
103300001
103211000
103121000
103112000
103111100
103111010
103111001
103210100
103202000
103201100
103201010
103200200
103200110
103200101
103200020
103200011
103200002
103130000
103103000
103101110
103100300
103100111
103100030
103100003
103120100
103110200
103110110
103110101
103110020
103110011
103110002
103102100
103102010
103101200
103101101
103101020
103101011
103101002
103040000
103031000
103030100
103030010
103030001
103021100
103012100
103011200
103011110
103011101
103022000
103021010
103020200
103020110
103020101
103020020
103020011
103020002
103013000
103010300
103010111
103010030
103010003
103012010
103011020
103011011
103011002
103010210
103010201
103010120
103010102
103004000
103003100
103003010
103003001
103002110
103001210
103001120
103001111
103002200
103002101
103002020
103002011
103002002
103001300
103001030
103001003
103001201
103001102
103001021
103001012
103000400
103000310
103000301
103000211
103000121
103000112
103000220
103000202
103000130
103000103
103000040
103000031
103000022
103000013
103000004
102320000
102230000
102220100
102220010
102220001
102311000
102212000
102211100
102211010
102210200
102210110
102210101
102210020
102210011
102210002
102131000
102130100
102122000
102121010
102120200
102120110
102120101
102120020
102120011
102120002
101420000
101410100
101410010
101410001
101321000
101231000
101221100
101221010
101221001
101320100
101312000
101311010
101310200
101310110
101310101
101310020
101310011
101310002
101240000
101213000
101211110
101210300
101210111
101210030
101210003
101230100
101220200
101220110
101220101
101220020
101220011
101220002
101212100
101212010
101211200
101211101
101211020
101211011
101211002
101140100
101140010
101140001
101131100
101121200
101121110
101121101
101132000
101131010
101130200
101130110
101130101
101130020
101130011
101130002
101123000
101120300
101120111
101120030
101120003
101122010
101121020
101121011
101121002
101120210
101120201
101120120
101120102
101113100
101113010
101113001
101111210
101111120
101112200
101112101
101112020
101112011
101112002
101111201
101111102
101111021
101111012
101110400
101110310
101110301
101110211
101110121
101110112
101110220
101110202
101110130
101110103
101110040
101110031
101110022
101110013
101110004
102401000
102310100
102302000
102301100
102301010
102300200
102300110
102300101
102300020
102300011
102300002
102112100
102112010
102111200
102111101
102111020
102111011
102111002
102203000
102201110
102200300
102200111
102200030
102200003
102104000
102102110
102101300
102101111
102101030
102101003
102041000
102040100
102032000
102031100
102031010
102030200
102030110
102030101
102030020
102030011
102030002
102022100
102021200
102013100
102012200
102012110
102011300
102011210
102011201
102011120
102011111
102011102
102023000
102021110
102020300
102020111
102020030
102020003
102014000
102011030
102011003
102010400
102010211
102010130
102010103
102004100
102004010
102003200
102003110
102003101
102003020
102003011
102003002
102002210
102002120
102001310
102001220
102001211
102001130
102001121
102001112
102002300
102002111
102002030
102002003
102001400
102001103
102001040
102001013
102000410
102000401
102000320
102000311
102000302
102000221
102000212
102000131
102000122
102000113
102000230
102000203
102000140
102000104
102000041
102000032
102000023
102000014
101402000
101401100
101401010
101400200
101400110
101400101
101400020
101400011
101400002
101204000
101202110
101201300
101201111
101201030
101201003
101104100
101104010
101103200
101103110
101103101
101103020
101103011
101103002
101102210
101102120
101101310
101101220
101101211
101101130
101101121
101101112
101102300
101102111
101102030
101102003
101101400
101101103
101101040
101101013
101100410
101100401
101100320
101100311
101100302
101100221
101100212
101100131
101100122
101100113
101100230
101100203
101100140
101100104
101100041
101100032
101100023
101100014
101042000
101041010
101040200
101040110
101040101
101040020
101040011
101040002
101032100
101031200
101023100
101022110
101021300
101021210
101021201
101021120
101021111
101021102
101024000
101021030
101021003
101020400
101020211
101020130
101020103
101014010
101013200
101013110
101013101
101013020
101013011
101013002
101012120
101011310
101011220
101011121
101011112
101012300
101012111
101012030
101012003
101011040
101011013
101010410
101010401
101010320
101010311
101010302
101010221
101010212
101010131
101010122
101010113
101010230
101010203
101010140
101010104
101010041
101010032
101010023
101010014
100421000
100412000
100411100
100411010
100411001
100430000
100403000
100401110
100400300
100400111
100400030
100400003
100420100
100410200
100410110
100410101
100410020
100410011
100410002
100402100
100402010
100401200
100401101
100401020
100401011
100401002
100340000
100331000
100330100
100330010
100330001
100321100
100312100
100311200
100311110
100311101
100322000
100321010
100320200
100320110
100320101
100320020
100320011
100320002
100313000
100310300
100310111
100310030
100310003
100312010
100311020
100311011
100311002
100310210
100310201
100310120
100310102
100304000
100303100
100303010
100303001
100302110
100301210
100301120
100301111
100302200
100302101
100302020
100302011
100302002
100301300
100301030
100301003
100301201
100301102
100301021
100301012
100300400
100300310
100300301
100300211
100300121
100300112
100300220
100300202
100300130
100300103
100300040
100300031
100300022
100300013
100300004
100232000
100223000
100222100
100222010
100222001
100241000
100214000
100212110
100211300
100211111
100211030
100211003
100231100
100221200
100221110
100221101
100221020
100221011
100221002
100213100
100213010
100212200
100212101
100212020
100212011
100212002
100142000
100141100
100141010
100141001
100132100
100123100
100122200
100122110
100122101
100133000
100132010
100131200
100131110
100131101
100131020
100131011
100131002
100124000
100121300
100121111
100121030
100121003
100123010
100122020
100122011
100122002
100121210
100121201
100121120
100121102
100114100
100114010
100114001
100113110
100112210
100112120
100112111
100113200
100113101
100113020
100113011
100113002
100112300
100112030
100112003
100112201
100112102
100112021
100112012
100111400
100111310
100111301
100111211
100111121
100111112
100111220
100111202
100111130
100111103
100111040
100111031
100111022
100111013
100111004
100240100
100231010
100230200
100230110
100230101
100230020
100230011
100230002
100211210
100211201
100211120
100211102
100220300
100220111
100220030
100220003
100210400
100210211
100210130
100210103
100204100
100204010
100203200
100203110
100203101
100203020
100203011
100203002
100202210
100202120
100201310
100201220
100201211
100201130
100201121
100201112
100202300
100202111
100202030
100202003
100201400
100201103
100201040
100201013
100200410
100200401
100200320
100200311
100200302
100200221
100200212
100200131
100200122
100200113
100200230
100200203
100200140
100200104
100200041
100200032
100200023
100200014
100130300
100130111
100130030
100130003
100104110
100103300
100103111
100103030
100103003
100102220
100101410
100101221
100101140
100101113
100100411
100100330
100100303
100100222
100100141
100100114
100100033
100140200
100140110
100140101
100140020
100140011
100140002
100120400
100120211
100120130
100120103
100110410
100110401
100110320
100110311
100110302
100110221
100110212
100110131
100110122
100110113
100110230
100110203
100110140
100110104
100110041
100110032
100110023
100110014
100104200
100104101
100104020
100104011
100104002
100103210
100103120
100102310
100102211
100102130
100102121
100102112
100102400
100102103
100102040
100102013
100101401
100101320
100101311
100101302
100101212
100101131
100101122
100101230
100101203
100101104
100101041
100101032
100101023
100101014
100042100
100041200
100041110
100041101
100043000
100040300
100040111
100040030
100040003
100042010
100041020
100041011
100041002
100040210
100040201
100040120
100040102
100034000
100033100
100033010
100033001
100032110
100031210
100031120
100031111
100032200
100032101
100032020
100032011
100032002
100031300
100031030
100031003
100031201
100031102
100031021
100031012
100030400
100030310
100030301
100030211
100030121
100030112
100030220
100030202
100030130
100030103
100030040
100030031
100030022
100030013
100030004
100023200
100022300
100022210
100022201
100024100
100021400
100021211
100021130
100021103
100023110
100022120
100022111
100022102
100021310
100021301
100021220
100021202
100014200
100014110
100014101
100013210
100012310
100012220
100012211
100013300
100013201
100013120
100013111
100013102
100012400
100012130
100012103
100012301
100012202
100012121
100012112
100011410
100011401
100011311
100011221
100011212
100011320
100011302
100011230
100011203
100011140
100011131
100011122
100011113
100011104
100024010
100023101
100023020
100023011
100023002
100021121
100021112
100022030
100022003
100021040
100021013
100020410
100020401
100020320
100020311
100020302
100020221
100020212
100020131
100020122
100020113
100020230
100020203
100020140
100020104
100020041
100020032
100020023
100020014
100013030
100013003
100010411
100010330
100010303
100010222
100010141
100010114
100010033
100014020
100014011
100014002
100012040
100012013
100011041
100011032
100011023
100011014
100010420
100010402
100010321
100010312
100010231
100010213
100010240
100010204
100010132
100010123
100004210
100004120
100004111
100004300
100004030
100004003
100004201
100004102
100004021
100004012
100003400
100003310
100003301
100003211
100003121
100003112
100003220
100003202
100003130
100003103
100003040
100003031
100003022
100003013
100003004
100002320
100002230
100002221
100002410
100002140
100002113
100002311
100002212
100002131
100002122
100001420
100001411
100001321
100001231
100001222
100001330
100001312
100001240
100001213
100001141
100001132
100001123
100001114
100002401
100002302
100002203
100002104
100002041
100002032
100002023
100002014
100001303
100001033
100001402
100001204
100001042
100001024
100000421
100000412
100000430
100000403
100000340
100000331
100000322
100000313
100000304
100000232
100000223
100000241
100000214
100000142
100000133
100000124
100000043
100000034
140200100
140200010
140200001
140110010
140110001
140101001
140021000
140020100
140020010
140020001
140012000
140011010
140010200
140010110
140010101
140010020
140010011
140010002
140011001
140002100
140002010
140002001
140001200
140001101
140001020
140001011
140001002
140000210
140000201
140000120
140000102
140000021
140000012
120400100
120400010
120400001
120211010
120211001
120220100
120210200
120210110
120210101
120210020
120210011
120210002
120202100
120202010
120201200
120201101
120201020
120201011
120201002
120130100
120130010
120130001
120121010
120120200
120120110
120120101
120120020
120120011
120120002
120110210
120110201
120110120
120110102
120103100
120103010
120103001
120101210
120101120
120102200
120102101
120102020
120102011
120102002
120101201
120101102
120101021
120101012
120100400
120100310
120100301
120100211
120100121
120100112
120100220
120100202
120100130
120100103
120100040
120100031
120100022
120100013
120100004
110410010
110410001
110401001
110320100
110320010
110320001
110311010
110310200
110310110
110310101
110310020
110310011
110310002
110311001
110302100
110302010
110302001
110301200
110301101
110301020
110301011
110301002
110300210
110300201
110300120
110300102
110300021
110300012
110221010
110221001
110212001
110131001
110122010
110121101
110121020
110121011
110121002
110122001
110113010
110113001
110112101
110112020
110112011
110112002
110111021
110111012
110230100
110230010
110230001
110220200
110220110
110220101
110220020
110220011
110220002
110210210
110210201
110210120
110210102
110203100
110203010
110203001
110201210
110201120
110202200
110202101
110202020
110202011
110202002
110201201
110201102
110201021
110201012
110200400
110200310
110200301
110200211
110200121
110200112
110200220
110200202
110200130
110200103
110200040
110200031
110200022
110200013
110200004
110140010
110140001
110120210
110120201
110120120
110120102
110110310
110110301
110110121
110110112
110110220
110110202
110110040
110110031
110110022
110110013
110110004
110104001
110102201
110102102
110102021
110102012
110101301
110101202
110101031
110101022
110101004
110042000
110041010
110040200
110040110
110040101
110040020
110040011
110040002
110041001
110032100
110032010
110032001
110031200
110031101
110031020
110031011
110031002
110030210
110030201
110030120
110030102
110030021
110030012
110023100
110022110
110021300
110021210
110021201
110021120
110021111
110021102
110022101
110013200
110013110
110013101
110012300
110012201
110012120
110012111
110012102
110011310
110011301
110011220
110011202
110011121
110011112
110024000
110023010
110023001
110022020
110022011
110022002
110021030
110021003
110021021
110021012
110020400
110020310
110020301
110020211
110020121
110020112
110020220
110020202
110020130
110020103
110020040
110020031
110020022
110020013
110020004
110014010
110013020
110013011
110013002
110012030
110012003
110011040
110011013
110010410
110010401
110010320
110010311
110010302
110010221
110010212
110010131
110010122
110010113
110010230
110010203
110010140
110010104
110010041
110010032
110010023
110010014
110014001
110012021
110012012
110011031
110011022
110011004
110004200
110004101
110004020
110004011
110004002
110003210
110003201
110003120
110003102
110003021
110003012
110002310
110002211
110002130
110002121
110002112
110001320
110001311
110001230
110001212
110001131
110001122
110002400
110002301
110002202
110002103
110002040
110002031
110002022
110002013
110002004
110001401
110001302
110001203
110001104
110001041
110001032
110001023
110001014
110000420
110000402
110000321
110000312
110000231
110000213
110000132
110000123
110000240
110000204
110000042
110000024
104200100
104200010
104200001
104101001
104020010
104020001
104011001
104002100
104002010
104002001
104001200
104001101
104001020
104001011
104001002
104000210
104000201
104000120
104000102
104000021
104000012
103210010
103210001
103120010
103120001
102310010
102310001
102211001
102130010
102130001
102121001
102112001
102110210
102110201
102110120
102110102
102110021
102110012
102400100
102400010
102400001
102202100
102202010
102201200
102201101
102201020
102201011
102201002
102103100
102103010
102103001
102101210
102101120
102102200
102102101
102102020
102102011
102102002
102101201
102101102
102101021
102101012
102100400
102100310
102100301
102100211
102100121
102100112
102100220
102100202
102100130
102100103
102100040
102100031
102100022
102100013
102100004
102040010
102040001
102021101
102022010
102021020
102021011
102021002
102020210
102020201
102020120
102020102
102013010
102013001
102012101
102012020
102012011
102012002
102011021
102011012
102010310
102010301
102010121
102010112
102010220
102010202
102010040
102010031
102010022
102010013
102010004
101401001
101320010
101320001
101311001
101302100
101302010
101302001
101301200
101301101
101301020
101301011
101301002
101300210
101300201
101300120
101300102
101300021
101300012
101212001
101131001
101122001
101230010
101230001
101210210
101210201
101210120
101210102
101203100
101203010
101203001
101201210
101201120
101202200
101202101
101202020
101202011
101202002
101201201
101201102
101201021
101201012
101200400
101200310
101200301
101200211
101200121
101200112
101200220
101200202
101200130
101200103
101200040
101200031
101200022
101200013
101200004
101104001
101102201
101102102
101102021
101102012
101101301
101101202
101101031
101101022
101101004
101041001
101032010
101032001
101031101
101031020
101031011
101031002
101030210
101030201
101030120
101030102
101030021
101030012
101022101
101012201
101012102
101011301
101011202
101023010
101023001
101022020
101022011
101022002
101021021
101021012
101020310
101020301
101020121
101020112
101020220
101020202
101020040
101020031
101020022
101020013
101020004
101014001
101012021
101012012
101011031
101011022
101011004
101004200
101004101
101004020
101004011
101004002
101003210
101003201
101003120
101003102
101003021
101003012
101002310
101002211
101002130
101002121
101002112
101001320
101001311
101001230
101001212
101001131
101001122
101002400
101002301
101002202
101002103
101002040
101002031
101002022
101002013
101002004
101001401
101001302
101001203
101001104
101001041
101001032
101001023
101001014
101000420
101000402
101000321
101000312
101000231
101000213
101000132
101000123
101000240
101000204
101000042
101000024
42101000
42100100
42100010
42100001
41200100
41200010
41200001
41110010
41110001
41101001
43010000
43001000
43000100
43000010
43000001
42020000
42011000
42010100
42002000
42001100
42001010
42000200
42000110
42000101
42000020
42000011
42000002
41021000
41020100
41012000
41011010
41010200
41010110
41010101
41010020
41010011
41010002
40310000
40301000
40300100
40300010
40300001
40121000
40112000
40111010
40111001
40220000
40210100
40202000
40201100
40201010
40200200
40200110
40200101
40200020
40200011
40200002
40120100
40110200
40110110
40110101
40110020
40110011
40110002
40102100
40102010
40101200
40101101
40101020
40101011
40101002
40040000
40031000
40030100
40030010
40030001
40021100
40012100
40011200
40011110
40011101
40022000
40021010
40020200
40020110
40020101
40020020
40020011
40020002
40013000
40010300
40010111
40010030
40010003
40012010
40011020
40011011
40011002
40010210
40010201
40010120
40010102
40004000
40003100
40003010
40003001
40002110
40001210
40001120
40001111
40002200
40002101
40002020
40002011
40002002
40001300
40001030
40001003
40001201
40001102
40001021
40001012
40000400
40000310
40000301
40000211
40000121
40000112
40000220
40000202
40000130
40000103
40000040
40000031
40000022
40000013
40000004
42010010
42010001
41020010
41020001
41011001
41002100
41002010
41002001
41001200
41001101
41001020
41001011
41001002
41000210
41000201
41000120
41000102
41000021
41000012
40210010
40210001
40201001
40120010
40120001
40102001
40100210
40100201
40100120
40100102
40100021
40100012
34001000
34000100
34000010
34000001
33100100
33100010
33100001
33010010
33010001
33001001
32110100
32110010
32110001
31210100
31210010
31210001
31120010
31120001
31111001
32201000
32200100
32200010
32200001
32102000
32101100
32101010
32100200
32100110
32100101
32100020
32100011
32100002
32101001
32021000
32020100
32020010
32020001
32012000
32011010
32010200
32010110
32010101
32010020
32010011
32010002
32011001
32002100
32002010
32002001
32001200
32001101
32001020
32001011
32001002
32000210
32000201
32000120
32000102
32000021
32000012
31301000
31300100
31300010
31300001
31202000
31201100
31201010
31200200
31200110
31200101
31200020
31200011
31200002
31102100
31102010
31101200
31101101
31101020
31101011
31101002
31031000
31030100
31030010
31030001
31012100
31011200
31011101
31022000
31021010
31020200
31020110
31020101
31020020
31020011
31020002
31012010
31011020
31011011
31011002
31010210
31010201
31010120
31010102
31004000
31003100
31003010
31003001
31002110
31001210
31001120
31001111
31002200
31002101
31002020
31002011
31002002
31001300
31001030
31001003
31001201
31001102
31001021
31001012
31000400
31000310
31000301
31000211
31000121
31000112
31000220
31000202
31000130
31000103
31000040
31000031
31000022
31000013
31000004
31201001
31102001
31100210
31100201
31100120
31100102
31100021
31100012
31021001
31012001
31010021
31010012
30400100
30400010
30400001
30310010
30310001
30301001
30211010
30211001
30121010
30121001
30112001
30220100
30220010
30220001
30210200
30210110
30210101
30210020
30210011
30210002
30202100
30202010
30202001
30201200
30201101
30201020
30201011
30201002
30200210
30200201
30200120
30200102
30200021
30200012
30130100
30130010
30130001
30120200
30120110
30120101
30120020
30120011
30120002
30110210
30110201
30110120
30110102
30103100
30103010
30103001
30101210
30101120
30102200
30102101
30102020
30102011
30102002
30101201
30101102
30101021
30101012
30100400
30100310
30100301
30100211
30100121
30100112
30100220
30100202
30100130
30100103
30100040
30100031
30100022
30100013
30100004
30110021
30110012
30040010
30040001
30031001
30021101
30012101
30022010
30022001
30021020
30021011
30021002
30020210
30020201
30020120
30020102
30020021
30020012
30013010
30013001
30012020
30012011
30012002
30011021
30011012
30010310
30010301
30010121
30010112
30010220
30010202
30010040
30010031
30010022
30010013
30010004
30004001
30002201
30002102
30002021
30002012
30001301
30001202
30001031
30001022
30001004
23201000
23200100
23200010
23200001
22300100
22300010
22300001
22210010
22210001
22201001
24101000
24100100
24100010
24100001
23120000
23110100
23102000
23101100
23101010
23100200
23100110
23100101
23100020
23100011
23100002
22121000
22120100
22112000
22111010
22110200
22110110
22110101
22110020
22110011
22110002
21401000
21400100
21400010
21400001
21212000
21211010
21211001
21320000
21310100
21302000
21301100
21301010
21300200
21300110
21300101
21300020
21300011
21300002
21220100
21210200
21210110
21210101
21210020
21210011
21210002
21202100
21202010
21201200
21201101
21201020
21201011
21201002
21131000
21130100
21130010
21130001
21112100
21111200
21111101
21122000
21121010
21120200
21120110
21120101
21120020
21120011
21120002
21112010
21111020
21111011
21111002
21110210
21110201
21110120
21110102
21104000
21103100
21103010
21103001
21102110
21101210
21101120
21101111
21102200
21102101
21102020
21102011
21102002
21101300
21101030
21101003
21101201
21101102
21101021
21101012
21100400
21100310
21100301
21100211
21100121
21100112
21100220
21100202
21100130
21100103
21100040
21100031
21100022
21100013
21100004
23110010
23110001
22120010
22120001
22111001
22102100
22102010
22102001
22101200
22101101
22101020
22101011
22101002
22100210
22100201
22100120
22100102
22100021
22100012
21310010
21310001
21301001
21220010
21220001
21202001
21200210
21200201
21200120
21200102
21200021
21200012
14200100
14200010
14200001
14110010
14110001
14101001
13210100
13210010
13210001
12310100
12310010
12310001
12220010
12220001
12211001
13301000
13300100
13300010
13300001
13202000
13201100
13201010
13200200
13200110
13200101
13200020
13200011
13200002
13201001
13121000
13120100
13120010
13120001
13112000
13111010
13110200
13110110
13110101
13110020
13110011
13110002
13111001
13102100
13102010
13102001
13101200
13101101
13101020
13101011
13101002
13100210
13100201
13100120
13100102
13100021
13100012
12401000
12400100
12400010
12400001
12302000
12301100
12301010
12300200
12300110
12300101
12300020
12300011
12300002
12202100
12202010
12201200
12201101
12201020
12201011
12201002
12131000
12130100
12130010
12130001
12112100
12111200
12111101
12122000
12121010
12120200
12120110
12120101
12120020
12120011
12120002
12112010
12111020
12111011
12111002
12110210
12110201
12110120
12110102
12104000
12103100
12103010
12103001
12102110
12101210
12101120
12101111
12102200
12102101
12102020
12102011
12102002
12101300
12101030
12101003
12101201
12101102
12101021
12101012
12100400
12100310
12100301
12100211
12100121
12100112
12100220
12100202
12100130
12100103
12100040
12100031
12100022
12100013
12100004
12301001
12202001
12200210
12200201
12200120
12200102
12200021
12200012
12121001
12112001
12110021
12110012
11410010
11410001
11401001
11311010
11311001
11221010
11221001
11212001
11320100
11320010
11320001
11310200
11310110
11310101
11310020
11310011
11310002
11302100
11302010
11302001
11301200
11301101
11301020
11301011
11301002
11300210
11300201
11300120
11300102
11300021
11300012
11230100
11230010
11230001
11220200
11220110
11220101
11220020
11220011
11220002
11210210
11210201
11210120
11210102
11203100
11203010
11203001
11201210
11201120
11202200
11202101
11202020
11202011
11202002
11201201
11201102
11201021
11201012
11200400
11200310
11200301
11200211
11200121
11200112
11200220
11200202
11200130
11200103
11200040
11200031
11200022
11200013
11200004
11210021
11210012
11140010
11140001
11131001
11121101
11112101
11122010
11122001
11121020
11121011
11121002
11120210
11120201
11120120
11120102
11120021
11120012
11113010
11113001
11112020
11112011
11112002
11111021
11111012
11110310
11110301
11110121
11110112
11110220
11110202
11110040
11110031
11110022
11110013
11110004
11104001
11102201
11102102
11102021
11102012
11101301
11101202
11101031
11101022
11101004
24020000
24011000
24010100
24002000
24001100
24001010
24000200
24000110
24000101
24000020
24000011
24000002
24010010
24010001
23101001
23021000
23020100
23020010
23020001
23012000
23011010
23010200
23010110
23010101
23010020
23010011
23010002
23011001
23002100
23002010
23002001
23001200
23001101
23001020
23001011
23001002
23000210
23000201
23000120
23000102
23000021
23000012
21121001
21112001
21110021
21110012
22040000
22031000
22030100
22030010
22030001
22021100
22012100
22011200
22011110
22011101
22022000
22021010
22020200
22020110
22020101
22020020
22020011
22020002
22013000
22010300
22010111
22010030
22010003
22012010
22011020
22011011
22011002
22010210
22010201
22010120
22010102
22004000
22003100
22003010
22003001
22002110
22001210
22001120
22001111
22002200
22002101
22002020
22002011
22002002
22001300
22001030
22001003
22001201
22001102
22001021
22001012
22000400
22000310
22000301
22000211
22000121
22000112
22000220
22000202
22000130
22000103
22000040
22000031
22000022
22000013
22000004
21041000
21040100
21032000
21031100
21031010
21030200
21030110
21030101
21030020
21030011
21030002
21022100
21021200
21013100
21012200
21012110
21011300
21011210
21011201
21011120
21011111
21011102
21023000
21021110
21020300
21020111
21020030
21020003
21014000
21011030
21011003
21010400
21010211
21010130
21010103
21004100
21004010
21003200
21003110
21003101
21003020
21003011
21003002
21002210
21002120
21001310
21001220
21001211
21001130
21001121
21001112
21002300
21002111
21002030
21002003
21001400
21001103
21001040
21001013
21000410
21000401
21000320
21000311
21000302
21000221
21000212
21000131
21000122
21000113
21000230
21000203
21000140
21000104
21000041
21000032
21000023
21000014
21040010
21040001
21021101
21022010
21021020
21021011
21021002
21020210
21020201
21020120
21020102
21013010
21013001
21012101
21012020
21012011
21012002
21011021
21011012
21010310
21010301
21010121
21010112
21010220
21010202
21010040
21010031
21010022
21010013
21010004
20420000
20410100
20402000
20401100
20401010
20400200
20400110
20400101
20400020
20400011
20400002
20410010
20410001
20401001
20321000
20320100
20320010
20320001
20312000
20311010
20310200
20310110
20310101
20310020
20310011
20310002
20311001
20302100
20302010
20302001
20301200
20301101
20301020
20301011
20301002
20300210
20300201
20300120
20300102
20300021
20300012
20231000
20221100
20213000
20212100
20212010
20211200
20211110
20211101
20211020
20211011
20211002
20221010
20221001
20212001
20132000
20131100
20131010
20131001
20123000
20122010
20121200
20121110
20121101
20121020
20121011
20121002
20122001
20113100
20113010
20113001
20112200
20112101
20112020
20112011
20112002
20111210
20111201
20111120
20111102
20111021
20111012
20240000
20230100
20230010
20230001
20220200
20220110
20220101
20220020
20220011
20220002
20210300
20210111
20210030
20210003
20210210
20210201
20210120
20210102
20204000
20203100
20203010
20203001
20202110
20201210
20201120
20201111
20202200
20202101
20202020
20202011
20202002
20201300
20201030
20201003
20201201
20201102
20201021
20201012
20200400
20200310
20200301
20200211
20200121
20200112
20200220
20200202
20200130
20200103
20200040
20200031
20200022
20200013
20200004
20140100
20130200
20130110
20130101
20130020
20130011
20130002
20120300
20120111
20120030
20120003
20110400
20110211
20110130
20110103
20104100
20104010
20103200
20103110
20103101
20103020
20103011
20103002
20102210
20102120
20101310
20101220
20101211
20101130
20101121
20101112
20102300
20102111
20102030
20102003
20101400
20101103
20101040
20101013
20100410
20100401
20100320
20100311
20100302
20100221
20100212
20100131
20100122
20100113
20100230
20100203
20100140
20100104
20100041
20100032
20100023
20100014
20140010
20140001
20120210
20120201
20120120
20120102
20110310
20110301
20110121
20110112
20110220
20110202
20110040
20110031
20110022
20110013
20110004
20104001
20102201
20102102
20102021
20102012
20101301
20101202
20101031
20101022
20101004
20042000
20041010
20040200
20040110
20040101
20040020
20040011
20040002
20041001
20032100
20032010
20032001
20031200
20031101
20031020
20031011
20031002
20030210
20030201
20030120
20030102
20030021
20030012
20023100
20022110
20021300
20021210
20021201
20021120
20021111
20021102
20022101
20013200
20013110
20013101
20012300
20012201
20012120
20012111
20012102
20011310
20011301
20011220
20011202
20011121
20011112
20024000
20023010
20023001
20022020
20022011
20022002
20021030
20021003
20021021
20021012
20020400
20020310
20020301
20020211
20020121
20020112
20020220
20020202
20020130
20020103
20020040
20020031
20020022
20020013
20020004
20014010
20013020
20013011
20013002
20012030
20012003
20011040
20011013
20010410
20010401
20010320
20010311
20010302
20010221
20010212
20010131
20010122
20010113
20010230
20010203
20010140
20010104
20010041
20010032
20010023
20010014
20014001
20012021
20012012
20011031
20011022
20011004
20004200
20004101
20004020
20004011
20004002
20003210
20003201
20003120
20003102
20003021
20003012
20002310
20002211
20002130
20002121
20002112
20001320
20001311
20001230
20001212
20001131
20001122
20002400
20002301
20002202
20002103
20002040
20002031
20002022
20002013
20002004
20001401
20001302
20001203
20001104
20001041
20001032
20001023
20001014
20000420
20000402
20000321
20000312
20000231
20000213
20000132
20000123
20000240
20000204
20000042
20000024
14021000
14020100
14012000
14011010
14010200
14010110
14010101
14010020
14010011
14010002
13040000
13031000
13030100
13030010
13030001
13021100
13012100
13011200
13011110
13011101
13022000
13021010
13020200
13020110
13020101
13020020
13020011
13020002
13013000
13010300
13010111
13010030
13010003
13012010
13011020
13011011
13011002
13010210
13010201
13010120
13010102
13004000
13003100
13003010
13003001
13002110
13001210
13001120
13001111
13002200
13002101
13002020
13002011
13002002
13001300
13001030
13001003
13001201
13001102
13001021
13001012
13000400
13000310
13000301
13000211
13000121
13000112
13000220
13000202
13000130
13000103
13000040
13000031
13000022
13000013
13000004
12041000
12040100
12032000
12031100
12031010
12030200
12030110
12030101
12030020
12030011
12030002
12022100
12021200
12013100
12012200
12012110
12011300
12011210
12011201
12011120
12011111
12011102
12023000
12021110
12020300
12020111
12020030
12020003
12014000
12011030
12011003
12010400
12010211
12010130
12010103
12004100
12004010
12003200
12003110
12003101
12003020
12003011
12003002
12002210
12002120
12001310
12001220
12001211
12001130
12001121
12001112
12002300
12002111
12002030
12002003
12001400
12001103
12001040
12001013
12000410
12000401
12000320
12000311
12000302
12000221
12000212
12000131
12000122
12000113
12000230
12000203
12000140
12000104
12000041
12000032
12000023
12000014
11042000
11041010
11040200
11040110
11040101
11040020
11040011
11040002
11032100
11031200
11023100
11022110
11021300
11021210
11021201
11021120
11021111
11021102
11024000
11021030
11021003
11020400
11020211
11020130
11020103
11014010
11013200
11013110
11013101
11013020
11013011
11013002
11012120
11011310
11011220
11011121
11011112
11012300
11012111
11012030
11012003
11011040
11011013
11010410
11010401
11010320
11010311
11010302
11010221
11010212
11010131
11010122
11010113
11010230
11010203
11010140
11010104
11010041
11010032
11010023
11010014
10421000
10412000
10411010
10411001
10420100
10410200
10410110
10410101
10410020
10410011
10410002
10402100
10402010
10401200
10401101
10401020
10401011
10401002
10340000
10331000
10330100
10330010
10330001
10321100
10312100
10311200
10311110
10311101
10321010
10320200
10320110
10320101
10320020
10320011
10320002
10313000
10310300
10310111
10310030
10310003
10312010
10311020
10311011
10311002
10310210
10310201
10310120
10310102
10304000
10303100
10303010
10303001
10302110
10301210
10301120
10301111
10302200
10302101
10302020
10302011
10302002
10301300
10301030
10301003
10301201
10301102
10301021
10301012
10300400
10300310
10300301
10300211
10300121
10300112
10300220
10300202
10300130
10300103
10300040
10300031
10300022
10300013
10300004
10232000
10223000
10222010
10222001
10231100
10221200
10221110
10221101
10221020
10221011
10221002
10213100
10213010
10212200
10212101
10212020
10212011
10212002
10142000
10141010
10141001
10132100
10123100
10122110
10122101
10132010
10131200
10131101
10131020
10131011
10131002
10124000
10121300
10121111
10121030
10121003
10123010
10122020
10122011
10122002
10121210
10121201
10121120
10121102
10114010
10114001
10113110
10112120
10112111
10113200
10113101
10113020
10113011
10113002
10112300
10112030
10112003
10112201
10112102
10112021
10112012
10111310
10111301
10111121
10111112
10111220
10111202
10111040
10111031
10111022
10111013
10111004
10240100
10231010
10230200
10230110
10230101
10230020
10230011
10230002
10211210
10211201
10211120
10211102
10220300
10220111
10220030
10220003
10210400
10210211
10210130
10210103
10204100
10204010
10203200
10203110
10203101
10203020
10203011
10203002
10202210
10202120
10201310
10201220
10201211
10201130
10201121
10201112
10202300
10202111
10202030
10202003
10201400
10201103
10201040
10201013
10200410
10200401
10200320
10200311
10200302
10200221
10200212
10200131
10200122
10200113
10200230
10200203
10200140
10200104
10200041
10200032
10200023
10200014
10140200
10140110
10140101
10140020
10140011
10140002
10120400
10120211
10120130
10120103
10110410
10110401
10110320
10110311
10110302
10110221
10110212
10110131
10110122
10110113
10110230
10110203
10110140
10110104
10110041
10110032
10110023
10110014
10104200
10104101
10104020
10104011
10104002
10103210
10103120
10102310
10102211
10102130
10102121
10102112
10102400
10102103
10102040
10102013
10101401
10101320
10101311
10101302
10101212
10101131
10101122
10101230
10101203
10101104
10101041
10101032
10101023
10101014
10042100
10041200
10041110
10041101
10043000
10040300
10040111
10040030
10040003
10042010
10041020
10041011
10041002
10040210
10040201
10040120
10040102
10034000
10033100
10033010
10033001
10032110
10031210
10031120
10031111
10032200
10032101
10032020
10032011
10032002
10031300
10031030
10031003
10031201
10031102
10031021
10031012
10030400
10030310
10030301
10030211
10030121
10030112
10030220
10030202
10030130
10030103
10030040
10030031
10030022
10030013
10030004
10023200
10022300
10022210
10022201
10024100
10021400
10021211
10021130
10021103
10023110
10022120
10022111
10022102
10021310
10021301
10021220
10021202
10014200
10014110
10014101
10013210
10012310
10012220
10012211
10013300
10013201
10013120
10013111
10013102
10012400
10012130
10012103
10012301
10012202
10012121
10012112
10011410
10011401
10011311
10011221
10011212
10011320
10011302
10011230
10011203
10011140
10011131
10011122
10011113
10011104
10024010
10023101
10023020
10023011
10023002
10021121
10021112
10022030
10022003
10021040
10021013
10020410
10020401
10020320
10020311
10020302
10020221
10020212
10020131
10020122
10020113
10020230
10020203
10020140
10020104
10020041
10020032
10020023
10020014
10013030
10013003
10010411
10010330
10010303
10010222
10010141
10010114
10010033
10014020
10014011
10014002
10012040
10012013
10011041
10011032
10011023
10011014
10010420
10010402
10010321
10010312
10010231
10010213
10010240
10010204
10010132
10010123
10004210
10004120
10004111
10004300
10004030
10004003
10004201
10004102
10004021
10004012
10003400
10003310
10003301
10003211
10003121
10003112
10003220
10003202
10003130
10003103
10003040
10003031
10003022
10003013
10003004
10002320
10002230
10002221
10002410
10002140
10002113
10002311
10002212
10002131
10002122
10001420
10001411
10001321
10001231
10001222
10001330
10001312
10001240
10001213
10001141
10001132
10001123
10001114
10002401
10002302
10002203
10002104
10002041
10002032
10002023
10002014
10001303
10001033
10001402
10001204
10001042
10001024
10000421
10000412
10000430
10000403
10000340
10000331
10000322
10000313
10000304
10000232
10000223
10000241
10000214
10000142
10000133
10000124
10000043
10000034
14020010
14020001
14011001
14002100
14002010
14002001
14001200
14001101
14001020
14001011
14001002
14000210
14000201
14000120
14000102
14000021
14000012
12040010
12040001
12021101
12022010
12021020
12021011
12021002
12020210
12020201
12020120
12020102
12013010
12013001
12012101
12012020
12012011
12012002
12011021
12011012
12010310
12010301
12010121
12010112
12010220
12010202
12010040
12010031
12010022
12010013
12010004
11041001
11032010
11032001
11031101
11031020
11031011
11031002
11030210
11030201
11030120
11030102
11030021
11030012
11022101
11012201
11012102
11011301
11011202
11023010
11023001
11022020
11022011
11022002
11021021
11021012
11020310
11020301
11020121
11020112
11020220
11020202
11020040
11020031
11020022
11020013
11020004
11014001
11012021
11012012
11011031
11011022
11011004
11004200
11004101
11004020
11004011
11004002
11003210
11003201
11003120
11003102
11003021
11003012
11002310
11002211
11002130
11002121
11002112
11001320
11001311
11001230
11001212
11001131
11001122
11002400
11002301
11002202
11002103
11002040
11002031
11002022
11002013
11002004
11001401
11001302
11001203
11001104
11001041
11001032
11001023
11001014
11000420
11000402
11000321
11000312
11000231
11000213
11000132
11000123
11000240
11000204
11000042
11000024
10420010
10420001
10402001
10400210
10400201
10400120
10400102
10400021
10400012
10321001
10312001
10231001
10213001
10211021
10211012
10240010
10240001
10220210
10220201
10220120
10220102
10210310
10210301
10210121
10210112
10210220
10210202
10210040
10210031
10210022
10210013
10210004
10204001
10202201
10202102
10202021
10202012
10201301
10201202
10201031
10201022
10201004
10132001
10130210
10130201
10130120
10130102
10130021
10130012
10123001
10121021
10121012
10120310
10120301
10120121
10120112
10120220
10120202
10120040
10120031
10120022
10120013
10120004
10103201
10103102
10103021
10103012
10102301
10102202
10102031
10102022
10102004
10100420
10100402
10100321
10100312
10100231
10100213
10100132
10100123
10100240
10100204
10100042
10100024
4210100
4210010
4210001
4120010
4120001
4111001
4301000
4300100
4300010
4300001
4202000
4201100
4201010
4200200
4200110
4200101
4200020
4200011
4200002
4102100
4102010
4101200
4101101
4101020
4101011
4101002
4031000
4030100
4030010
4030001
4012100
4011200
4011101
4022000
4021010
4020200
4020110
4020101
4020020
4020011
4020002
4012010
4011020
4011011
4011002
4010210
4010201
4010120
4010102
4004000
4003100
4003010
4003001
4002110
4001210
4001120
4001111
4002200
4002101
4002020
4002011
4002002
4001300
4001030
4001003
4001201
4001102
4001021
4001012
4000400
4000310
4000301
4000211
4000121
4000112
4000220
4000202
4000130
4000103
4000040
4000031
4000022
4000013
4000004
4201001
4102001
4100210
4100201
4100120
4100102
4100021
4100012
4021001
4012001
4010021
4010012
3400100
3400010
3400001
3310010
3310001
3301001
3211010
3211001
3121010
3121001
3112001
3220100
3220010
3220001
3210200
3210110
3210101
3210020
3210011
3210002
3202100
3202010
3202001
3201200
3201101
3201020
3201011
3201002
3200210
3200201
3200120
3200102
3200021
3200012
3130100
3130010
3130001
3120200
3120110
3120101
3120020
3120011
3120002
3110210
3110201
3110120
3110102
3103100
3103010
3103001
3101210
3101120
3102200
3102101
3102020
3102011
3102002
3101201
3101102
3101021
3101012
3100400
3100310
3100301
3100211
3100121
3100112
3100220
3100202
3100130
3100103
3100040
3100031
3100022
3100013
3100004
3110021
3110012
3040010
3040001
3031001
3021101
3012101
3022010
3022001
3021020
3021011
3021002
3020210
3020201
3020120
3020102
3020021
3020012
3013010
3013001
3012020
3012011
3012002
3011021
3011012
3010310
3010301
3010121
3010112
3010220
3010202
3010040
3010031
3010022
3010013
3010004
3004001
3002201
3002102
3002021
3002012
3001301
3001202
3001031
3001022
3001004
2320100
2320010
2320001
2230010
2230001
2221001
2410100
2410010
2410001
2312000
2311010
2310200
2310110
2310101
2310020
2310011
2310002
2212100
2212010
2211200
2211101
2211020
2211011
2211002
2140100
2140010
2140001
2121200
2121101
2132000
2131010
2130200
2130110
2130101
2130020
2130011
2130002
2122010
2121020
2121011
2121002
2120210
2120201
2120120
2120102
2113100
2113010
2113001
2111210
2111120
2112200
2112101
2112020
2112011
2112002
2111201
2111102
2111021
2111012
2110400
2110310
2110301
2110211
2110121
2110112
2110220
2110202
2110130
2110103
2110040
2110031
2110022
2110013
2110004
2311001
2212001
2210210
2210201
2210120
2210102
2210021
2210012
2131001
2122001
2120021
2120012
1420010
1420001
1411001
1321010
1321001
1231010
1231001
1222001
1330100
1330010
1330001
1320200
1320110
1320101
1320020
1320011
1320002
1312100
1312010
1312001
1311200
1311101
1311020
1311011
1311002
1310210
1310201
1310120
1310102
1310021
1310012
1240100
1240010
1240001
1230200
1230110
1230101
1230020
1230011
1230002
1220210
1220201
1220120
1220102
1213100
1213010
1213001
1211210
1211120
1212200
1212101
1212020
1212011
1212002
1211201
1211102
1211021
1211012
1210400
1210310
1210301
1210211
1210121
1210112
1210220
1210202
1210130
1210103
1210040
1210031
1210022
1210013
1210004
1220021
1220012
1141001
1131101
1122101
1132010
1132001
1131020
1131011
1131002
1130210
1130201
1130120
1130102
1130021
1130012
1123010
1123001
1122020
1122011
1122002
1121021
1121012
1120310
1120301
1120121
1120112
1120220
1120202
1120040
1120031
1120022
1120013
1120004
1114001
1112201
1112102
1112021
1112012
1111301
1111202
1111031
1111022
1111004
2402000
2401100
2401010
2400200
2400110
2400101
2400020
2400011
2400002
2401001
2302100
2302010
2302001
2301200
2301101
2301020
2301011
2301002
2300210
2300201
2300120
2300102
2300021
2300012
2204000
2203100
2203010
2203001
2202110
2201210
2201120
2201111
2202200
2202101
2202020
2202011
2202002
2201300
2201030
2201003
2201201
2201102
2201021
2201012
2200400
2200310
2200301
2200211
2200121
2200112
2200220
2200202
2200130
2200103
2200040
2200031
2200022
2200013
2200004
2104100
2104010
2103200
2103110
2103101
2103020
2103011
2103002
2102210
2102120
2101310
2101220
2101211
2101130
2101121
2101112
2102300
2102111
2102030
2102003
2101400
2101103
2101040
2101013
2100410
2100401
2100320
2100311
2100302
2100221
2100212
2100131
2100122
2100113
2100230
2100203
2100140
2100104
2100041
2100032
2100023
2100014
2104001
2102201
2102102
2102021
2102012
2101301
2101202
2101031
2101022
2101004
2042000
2041010
2040200
2040110
2040101
2040020
2040011
2040002
2041001
2032100
2032010
2032001
2031200
2031101
2031020
2031011
2031002
2030210
2030201
2030120
2030102
2030021
2030012
2023100
2022110
2021300
2021210
2021201
2021120
2021111
2021102
2022101
2013200
2013110
2013101
2012300
2012201
2012120
2012111
2012102
2011310
2011301
2011220
2011202
2011121
2011112
2024000
2023010
2023001
2022020
2022011
2022002
2021030
2021003
2021021
2021012
2020400
2020310
2020301
2020211
2020121
2020112
2020220
2020202
2020130
2020103
2020040
2020031
2020022
2020013
2020004
2014010
2013020
2013011
2013002
2012030
2012003
2011040
2011013
2010410
2010401
2010320
2010311
2010302
2010221
2010212
2010131
2010122
2010113
2010230
2010203
2010140
2010104
2010041
2010032
2010023
2010014
2014001
2012021
2012012
2011031
2011022
2011004
2004200
2004101
2004020
2004011
2004002
2003210
2003201
2003120
2003102
2003021
2003012
2002310
2002211
2002130
2002121
2002112
2001320
2001311
2001230
2001212
2001131
2001122
2002400
2002301
2002202
2002103
2002040
2002031
2002022
2002013
2002004
2001401
2001302
2001203
2001104
2001041
2001032
2001023
2001014
2000420
2000402
2000321
2000312
2000231
2000213
2000132
2000123
2000240
2000204
2000042
2000024
1402100
1402010
1401200
1401101
1401020
1401011
1401002
1304000
1303100
1303010
1303001
1302110
1301210
1301120
1301111
1302200
1302101
1302020
1302011
1302002
1301300
1301030
1301003
1301201
1301102
1301021
1301012
1300400
1300310
1300301
1300211
1300121
1300112
1300220
1300202
1300130
1300103
1300040
1300031
1300022
1300013
1300004
1204100
1204010
1203200
1203110
1203101
1203020
1203011
1203002
1202210
1202120
1201310
1201220
1201211
1201130
1201121
1201112
1202300
1202111
1202030
1202003
1201400
1201103
1201040
1201013
1200410
1200401
1200320
1200311
1200302
1200221
1200212
1200131
1200122
1200113
1200230
1200203
1200140
1200104
1200041
1200032
1200023
1200014
1104200
1104101
1104020
1104011
1104002
1103210
1103120
1102310
1102211
1102130
1102121
1102112
1102400
1102103
1102040
1102013
1101401
1101320
1101311
1101302
1101212
1101131
1101122
1101230
1101203
1101104
1101041
1101032
1101023
1101014
1042100
1041200
1041101
1042010
1041020
1041011
1041002
1040210
1040201
1040120
1040102
1034000
1033100
1033010
1033001
1032110
1031210
1031120
1031111
1032101
1032020
1032011
1032002
1031300
1031030
1031003
1031201
1031102
1031021
1031012
1030400
1030310
1030301
1030211
1030121
1030112
1030220
1030202
1030130
1030103
1030040
1030031
1030022
1030013
1030004
1023200
1022300
1022201
1023110
1022120
1022111
1022102
1021310
1021301
1021220
1021202
1014200
1014101
1013210
1012310
1012211
1013201
1013120
1013102
1012400
1012130
1012103
1012301
1012202
1012121
1012112
1011401
1011311
1011212
1011320
1011302
1011230
1011203
1011131
1011122
1011104
1024010
1023101
1023020
1023011
1023002
1021121
1021112
1022030
1022003
1021040
1021013
1020410
1020401
1020320
1020311
1020302
1020221
1020212
1020131
1020122
1020113
1020230
1020203
1020140
1020104
1020041
1020032
1020023
1020014
1014020
1014011
1014002
1012040
1012013
1011041
1011032
1011023
1011014
1010420
1010402
1010321
1010312
1010231
1010213
1010240
1010204
1010132
1010123
1004210
1004120
1004111
1004300
1004030
1004003
1004201
1004102
1004021
1004012
1003400
1003310
1003301
1003211
1003121
1003112
1003220
1003202
1003130
1003103
1003040
1003031
1003022
1003013
1003004
1002320
1002230
1002221
1002410
1002140
1002113
1002311
1002212
1002131
1002122
1001420
1001411
1001321
1001231
1001222
1001330
1001312
1001240
1001213
1001141
1001132
1001123
1001114
1002401
1002302
1002203
1002104
1002041
1002032
1002023
1002014
1001303
1001033
1001402
1001204
1001042
1001024
1000421
1000412
1000430
1000403
1000340
1000331
1000322
1000313
1000304
1000232
1000223
1000241
1000214
1000142
1000133
1000124
1000043
1000034
1402001
1400210
1400201
1400120
1400102
1400021
1400012
1204001
1202201
1202102
1202021
1202012
1201301
1201202
1201031
1201022
1201004
1103201
1103102
1103021
1103012
1102301
1102202
1102031
1102022
1102004
1100420
1100402
1100321
1100312
1100231
1100213
1100132
1100123
1100240
1100204
1100042
1100024
1042001
1040021
1040012
1024001
1022021
1022012
1021031
1021022
1021004
1013021
1013012
1012031
1012022
1012004
1010042
1010024
421010
421001
412001
430100
430010
430001
420200
420110
420101
420020
420011
420002
410210
410201
410120
410102
403100
403010
403001
401210
401120
402200
402101
402020
402011
402002
401201
401102
401021
401012
400400
400310
400301
400211
400121
400112
400220
400202
400130
400103
400040
400031
400022
400013
400004
410021
410012
340010
340001
331001
321101
312101
322010
322001
321020
321011
321002
320210
320201
320120
320102
320021
320012
313010
313001
312020
312011
312002
311021
311012
310310
310301
310121
310112
310220
310202
310040
310031
310022
310013
310004
304001
302201
302102
302021
302012
301301
301202
301031
301022
301004
232010
232001
223001
241010
241001
231200
231101
231020
231011
231002
221210
221201
221120
221102
214010
214001
212120
213200
213101
213020
213011
213002
212201
212102
212021
212012
211310
211301
211121
211112
211220
211202
211040
211031
211022
211013
211004
221021
221012
142001
132101
123101
133010
133001
132020
132011
132002
131210
131201
131120
131102
131021
131012
124010
124001
123020
123011
123002
122021
122012
121310
121301
121121
121112
121220
121202
121040
121031
121022
121013
121004
113201
113102
113021
113012
112301
112202
112031
112022
112004
240200
240110
240101
240020
240011
240002
230210
230201
230120
230102
230021
230012
220400
220310
220301
220211
220121
220112
220220
220202
220130
220103
220040
220031
220022
220013
220004
210410
210401
210320
210311
210302
210221
210212
210131
210122
210113
210230
210203
210140
210104
210041
210032
210023
210014
204200
204101
204020
204011
204002
203210
203201
203120
203102
203021
203012
202310
202211
202130
202121
202112
201320
201311
201230
201212
201131
201122
202400
202301
202202
202103
202040
202031
202022
202013
202004
201401
201302
201203
201104
201041
201032
201023
201014
200420
200402
200321
200312
200231
200213
200132
200123
200240
200204
200042
200024
140210
140201
140120
140102
130400
130310
130301
130211
130121
130112
130220
130202
130130
130103
130040
130031
130022
130013
130004
120410
120401
120320
120311
120302
120221
120212
120131
120122
120113
120230
120203
120140
120104
120041
120032
120023
120014
110420
110402
110321
110312
110231
110213
110240
110204
110132
110123
104210
104120
104201
104102
104021
104012
103400
103310
103301
103211
103121
103112
103202
103130
103103
103040
103031
103022
103013
103004
102320
102230
102311
102212
102131
102122
101420
101321
101231
101312
101240
101213
101132
101123
102401
102302
102203
102104
102041
102032
102023
102014
101402
101204
101042
101024
100421
100412
100430
100403
100340
100331
100322
100313
100304
100232
100223
100241
100214
100142
100133
100124
100043
100034
140021
140012
110042
110024
42101
43010
43001
42020
42011
42002
41021
41012
40310
40301
40121
40112
40220
40202
40040
40031
40022
40013
40004
34001
32201
32102
32021
32012
31301
31202
31031
31022
31004
23201
24101
23120
23102
22121
22112
21401
21212
21320
21302
21131
21122
21104
13301
13202
13121
13112
12401
12302
12131
12122
12104
24020
24011
24002
23021
23012
22040
22031
22022
22013
22004
21041
21032
21023
21014
20420
20402
20321
20312
20231
20213
20132
20123
20240
20204
20042
20024
14021
14012
13040
13031
13022
13013
13004
12041
12032
12023
12014
11042
11024
10421
10412
10340
10331
10313
10304
10232
10223
10142
10124
10043
10034
4301
4202
4031
4022
4004
2312
2132
2402
2204
2042
2024
1304
1034
