100100100
100100010
100100001
100010010
100010001
100001001
10010010
10010001
10001001
1001001
400100100
400100010
400100001
400010010
400010001
400001001
310010010
310010001
310001001
301001001
211010010
211010001
211001001
121010010
121010001
121001001
112001001
220100100
220100010
220100001
220010010
220010001
220001001
210200100
210200010
210200001
210110010
210110001
210101001
210021000
210020100
210020010
210020001
210012000
210011010
210010200
210010110
210010101
210010020
210010011
210010002
210011001
210002100
210002010
210002001
210001200
210001101
210001020
210001011
210001002
210000210
210000201
210000120
210000102
210000021
210000012
202100100
202100010
202100001
202010010
202010001
202001001
201200100
201200010
201200001
201101001
201020010
201020001
201011001
201002100
201002010
201002001
201001200
201001101
201001020
201001011
201001002
201000210
201000201
201000120
201000102
201000021
201000012
200210010
200210001
200201001
200120010
200120001
200102001
200100210
200100201
200100120
200100102
200100021
200100012
200021001
200012001
200010021
200010012
130100100
130100010
130100001
130010010
130010001
130001001
120200100
120200010
120200001
120110010
120110001
120101001
120021000
120020100
120020010
120020001
120012000
120011010
120010200
120010110
120010101
120010020
120010011
120010002
120011001
120002100
120002010
120002001
120001200
120001101
120001020
120001011
120001002
120000210
120000201
120000120
120000102
120000021
120000012
110210010
110210001
110201001
110120010
110120001
110102001
110100210
110100201
110100120
110100102
110100021
110100012
103100100
103100010
103100001
103010010
103010001
103001001
101210010
101210001
101120010
101120001
102200100
102200010
102200001
102101001
102020010
102020001
102011001
102002100
102002010
102002001
102001200
102001101
102001020
102001011
102001002
102000210
102000201
102000120
102000102
102000021
102000012
101201001
101102001
101100210
101100201
101100120
101100102
101100021
101100012
101021001
101012001
101010021
101010012
100400100
100400010
100400001
100310010
100310001
100301001
100211010
100211001
100121010
100121001
100112001
100220100
100220010
100220001
100210200
100210110
100210101
100210020
100210011
100210002
100202100
100202010
100202001
100201200
100201101
100201020
100201011
100201002
100200210
100200201
100200120
100200102
100200021
100200012
100130100
100130010
100130001
100120200
100120110
100120101
100120020
100120011
100120002
100110210
100110201
100110120
100110102
100103100
100103010
100103001
100101210
100101120
100102200
100102101
100102020
100102011
100102002
100101201
100101102
100101021
100101012
100100400
100100310
100100301
100100211
100100121
100100112
100100220
100100202
100100130
100100103
100100040
100100031
100100022
100100013
100100004
100110021
100110012
100040010
100040001
100031001
100021101
100012101
100022010
100022001
100021020
100021011
100021002
100020210
100020201
100020120
100020102
100020021
100020012
100013010
100013001
100012020
100012011
100012002
100011021
100011012
100010310
100010301
100010121
100010112
100010220
100010202
100010040
100010031
100010022
100010013
100010004
100004001
100002201
100002102
100002021
100002012
100001301
100001202
100001031
100001022
100001004
110021001
110012001
110010021
110010012
40010010
40010001
40001001
31001001
21101001
12101001
22010010
22010001
22001001
21020010
21020001
21011001
21002100
21002010
21002001
21001200
21001101
21001020
21001011
21001002
21000210
21000201
21000120
21000102
21000021
21000012
20210010
20210001
20201001
20120010
20120001
20102001
20100210
20100201
20100120
20100102
20100021
20100012
20021001
20012001
20010021
20010012
13010010
13010001
13001001
12020010
12020001
12011001
12002100
12002010
12002001
12001200
12001101
12001020
12001011
12001002
12000210
12000201
12000120
12000102
12000021
12000012
11021001
11012001
11010021
11010012
10310010
10310001
10301001
10121001
10112001
10220010
10220001
10202001
10200210
10200201
10200120
10200102
10200021
10200012
10110021
10110012
10040010
10040001
10031001
10021101
10012101
10022010
10022001
10021020
10021011
10021002
10020210
10020201
10020120
10020102
10020021
10020012
10013010
10013001
10012020
10012011
10012002
10011021
10011012
10010310
10010301
10010121
10010112
10010220
10010202
10010040
10010031
10010022
10010013
10010004
10004001
10002201
10002102
10002021
10002012
10001301
10001202
10001031
10001022
10001004
4001001
2201001
2102001
2100210
2100201
2100120
2100102
2100021
2100012
2021001
2012001
2010021
2010012
1301001
1202001
1200210
1200201
1200120
1200102
1200021
1200012
1031001
1022001
1020021
1020012
1004001
1002201
1002102
1002021
1002012
1001301
1001202
1001031
1001022
1001004
210021
210012
120021
120012
